8198 57374 0680
8198 57374 0690
8198 57374 0714
8198 57374 0736
8198 57374 0741
8198 57374 0756
8198 57374 0762
8198 57374 0787
8198 57374 0795
8198 57374 0814
8198 57374 0829
8198 57374 0834
8198 57374 0900
8198 57374 0906
8198 57374 0907
8198 57374 0922
8198 57374 0950
8198 57374 0976
8199 57428 0080
8199 57428 0088
8199 57428 0126
8199 57428 0151
8199 57428 0152
8199 57428 0193
8199 57428 0205
8199 57428 0207
8199 57428 0217
8199 57428 0276
8199 57428 0322
8199 57428 0426
8199 57428 0453
8199 57428 0479
8199 57428 0522
8199 57428 0524
8199 57428 0534
8199 57428 0585
8199 57428 0600
8199 57428 0606
8199 57428 0652
8199 57428 0736
8199 57428 0797
8199 57428 0806
8199 57428 0840
8199 57428 0881
8199 57428 0944
8199 57428 0983
8203 57428 0025
8203 57428 0032
8203 57428 0039
8203 57428 0041
8203 57428 0078
8203 57428 0093
8203 57428 0094
8203 57428 0118
8203 57428 0183
8203 57428 0204
8203 57428 0224
8203 57428 0242
8203 57428 0257
8203 57428 0268
8203 57428 0318
8203 57428 0357
8203 57428 0572
8203 57428 0652
8203 57428 0678
8203 57428 0687
8203 57428 0708
8203 57428 0774
8203 57428 0789
8203 57428 0803
8203 57428 0808
8203 57428 0810
8203 57428 0822
8203 57428 0832
8203 57428 0840
8203 57428 0842
8203 57428 0850
8203 57428 0860
8203 57428 0881
8203 57428 0886
8203 57428 0888
8203 57428 0895
8203 57428 0918
8203 57428 0922
8203 57428 0925
8203 57428 0944
8203 57428 0973
8206 57424 0001
8206 57424 0024
8206 57424 0032
8206 57424 0044
8206 57424 0126
8206 57424 0145
8206 57424 0182
8206 57424 0194
8206 57424 0239
8206 57424 0274
8206 57424 0334
8206 57424 0358
8206 57424 0368
8206 57424 0375
8206 57424 0393
8206 57424 0400
8206 57424 0457
8206 57424 0486
8206 57424 0555
8206 57424 0624
8206 57424 0687
8206 57424 0702
8206 57424 0721
8206 57424 0744
8206 57424 0780
8206 57424 0790
8206 57424 0794
8206 57424 0795
8206 57424 0823
8206 57424 0861
8206 57424 0865
8206 57424 0892
8206 57424 0957
8206 57424 0960
8207 57431 0038
8207 57431 0084
8207 57431 0109
8207 57431 0144
8207 57431 0240
8207 57431 0260
8207 57431 0276
8207 57431 0287
8207 57431 0307
8207 57431 0333
8207 57431 0430
8207 57431 0442
8207 57431 0454
8207 57431 0493
8207 57431 0556
8207 57431 0580
8207 57431 0598
8207 57431 0608
8207 57431 0618
8207 57431 0641
8207 57431 0706
8207 57431 0715
8207 57431 0738
8207 57431 0739
8207 57431 0760
8207 57431 0779
8207 57431 0808
8207 57431 0850
8207 57431 0861
8207 57431 0912
8207 57431 0924
8207 57431 0948
8207 57431 0954
8207 57431 0962
8207 57431 0964
8207 57431 0974
8207 57431 0980
8207 57431 0995
8208 57430 0004
8208 57430 0006
8208 57430 0014
8208 57430 0036
8208 57430 0040
8208 57430 0104
8208 57430 0106
8208 57430 0195
8208 57430 0210
8208 57430 0214
8208 57430 0220
8208 57430 0232
8208 57430 0236
8208 57430 0239
8208 57430 0242
8208 57430 0277
8208 57430 0279
8208 57430 0314
8208 57430 0317
8208 57430 0355
8208 57430 0356
8208 57430 0366
8208 57430 0466
8208 57430 0502
8208 57430 0508
8208 57430 0568
8208 57430 0600
8208 57430 0685
8208 57430 0688
8208 57430 0689
8208 57430 0692
8208 57430 0712
8208 57430 0713
8208 57430 0721
8208 57430 0734
8208 57430 0735
8208 57430 0740
8208 57430 0756
8208 57430 0772
8208 57430 0777
8208 57430 0798
8209 57427 0112
8209 57427 0115
8209 57427 0192
8209 57427 0216
8209 57427 0230
8209 57427 0259
8209 57427 0263
8209 57427 0293
8209 57427 0299
8209 57427 0334
8209 57427 0347
8209 57427 0351
8209 57427 0366
8209 57427 0367
8209 57427 0419
8209 57427 0461
8209 57427 0504
8209 57427 0582
8209 57427 0685
8209 57427 0694
8209 57427 0720
8209 57427 0742
8209 57427 0765
8209 57427 0781
8209 57427 0785
8209 57427 0821
8209 57427 0822
8209 57427 0826
8209 57427 0834
8209 57427 0863
8209 57427 0868
8209 57427 0935
8209 57427 0957
8209 57427 0981
8209 57427 0982
8210 57426 0033
8210 57426 0052
8210 57426 0186
8210 57426 0187
8210 57426 0210
8210 57426 0250
8210 57426 0263
8210 57426 0271
8210 57426 0360
8210 57426 0389
8210 57426 0405
8210 57426 0455
8210 57426 0466
8210 57426 0492
8210 57426 0521
8210 57426 0535
8210 57426 0543
8210 57426 0554
8210 57426 0592
8210 57426 0632
8210 57426 0645
8210 57426 0706
8210 57426 0759
8210 57426 0782
8210 57426 0784
8210 57426 0786
8210 57426 0835
8210 57426 0878
8210 57426 0920
8210 57426 0966
8210 57426 0971
8210 57426 0979
8210 57426 0989
8210 57426 0996
8210 57426 1000
8211 57423 0072
8211 57423 0082
8211 57423 0198
8211 57423 0200
8211 57423 0242
8211 57423 0254
8211 57423 0286
8211 57423 0287
8211 57423 0400
8211 57423 0403
8211 57423 0469
8211 57423 0472
8211 57423 0481
8211 57423 0504
8211 57423 0509
8211 57423 0512
8211 57423 0516
8211 57423 0519
8211 57423 0521
8211 57423 0528
8211 57423 0617
8211 57423 0682
8211 57423 0804
8211 57423 0807
8211 57423 0822
8211 57423 0922
8211 57423 0926
8218 57519 0056
8218 57519 0071
8218 57519 0076
8218 57519 0102
8218 57519 0104
8218 57519 0138
8218 57519 0180
8218 57519 0182
8218 57519 0194
8218 57519 0214
8218 57519 0222
8218 57519 0249
8218 57519 0258
8218 57519 0281
8218 57519 0286
8218 57519 0354
8218 57519 0373
8218 57519 0375
8218 57519 0410
8218 57519 0442
8218 57519 0477
8218 57519 0499
8218 57519 0500
8218 57519 0501
8218 57519 0518
8218 57519 0552
8218 57519 0554
8218 57519 0565
8218 57519 0667
8218 57519 0674
8218 57519 0789
8218 57519 0803
8218 57519 0808
8218 57519 0859
8218 57519 0881
8218 57519 0884
8218 57519 0939
8219 57429 0003
8219 57429 0016
8219 57429 0022
8219 57429 0028
8219 57429 0142
8219 57429 0220
8219 57429 0227
8219 57429 0268
8219 57429 0279
8219 57429 0319
8219 57429 0326
8219 57429 0327
8219 57429 0342
8219 57429 0460
8219 57429 0543
8219 57429 0588
8219 57429 0597
8219 57429 0629
8219 57429 0664
8219 57429 0700
8219 57429 0719
8219 57429 0774
8219 57429 0779
8219 57429 0854
8219 57429 0858
8219 57429 0860
8219 57429 0874
8219 57429 0880
8219 57429 0895
8219 57429 0898
8219 57429 0901
8219 57429 0904
8219 57429 0908
8219 57429 0914
8219 57429 0932
8219 57429 0962
8219 57429 0964
8220 57432 0049
8220 57432 0067
8220 57432 0069
8220 57432 0144
8220 57432 0152
8220 57432 0154
8220 57432 0171
8220 57432 0202
8220 57432 0232
8220 57432 0338
8220 57432 0368
8220 57432 0400
8220 57432 0462
8220 57432 0492
8220 57432 0549
8220 57432 0550
8220 57432 0556
8220 57432 0567
8220 57432 0689
8220 57432 0714
8220 57432 0735
8220 57432 0749
8220 57432 0772
8220 57432 0773
8220 57432 0785
8220 57432 0816
8220 57432 0838
8220 57432 0881
8220 57432 0928
8220 57432 0938
8220 57432 0943
8220 57432 0946
8220 57432 0947
8220 57432 0962
8222 57431 0036
8222 57431 0065
8222 57431 0163
8222 57431 0185
8222 57431 0253
8222 57431 0318
8222 57431 0333
8222 57431 0376
8222 57431 0392
8222 57431 0481
8222 57431 0490
8222 57431 0531
8222 57431 0534
8222 57431 0567
8222 57431 0572
8222 57431 0582
8222 57431 0584
8222 57431 0631
8222 57431 0632
8222 57431 0633
8222 57431 0634
8222 57431 0642
8222 57431 0670
8222 57431 0679
8222 57431 0771
8222 57431 0780
8222 57431 0809
8222 57431 0814
8222 57431 0847
8222 57431 0855
8222 57431 0858
8222 57431 0896
8223 57429 0020
8223 57429 0044
8223 57429 0048
8223 57429 0110
8223 57429 0124
8223 57429 0139
8223 57429 0150
8223 57429 0209
8223 57429 0233
8223 57429 0272
8223 57429 0280
8223 57429 0326
8223 57429 0333
8223 57429 0386
8223 57429 0405
8223 57429 0426
8223 57429 0442
8223 57429 0452
8223 57429 0455
8223 57429 0465
8223 57429 0487
8223 57429 0508
8223 57429 0512
8223 57429 0515
8223 57429 0523
8223 57429 0528
8223 57429 0570
8223 57429 0574
8223 57429 0584
8223 57429 0664
8223 57429 0690
8223 57429 0735
8223 57429 0796
8223 57429 0844
8223 57429 0876
8223 57429 0904
8223 57429 0915
8223 57429 0987
8224 57378 0072
8224 57378 0115
8224 57378 0222
8224 57378 0223
8224 57378 0234
8224 57378 0256
8224 57378 0274
8224 57378 0314
8224 57378 0341
8224 57378 0344
8224 57378 0352
8224 57378 0356
8224 57378 0390
8224 57378 0394
8224 57378 0396
8224 57378 0412
8224 57378 0429
8224 57378 0456
8224 57378 0480
8224 57378 0505
8224 57378 0530
8224 57378 0538
8224 57378 0594
8224 57378 0598
8224 57378 0646
8224 57378 0666
8224 57378 0737
8224 57378 0810
8224 57378 0826
8224 57378 0886
8224 57378 0902
8224 57378 0905
8224 57378 0906
8224 57378 0907
8224 57378 0911
8224 57378 0912
8224 57378 0913
8224 57378 0917
8224 57378 0923
8224 57378 0939
8224 57378 0944
8224 57378 0996
8224 57378 0997
8225 57375 0050
8225 57375 0079
8225 57375 0087
8225 57375 0141
8225 57375 0142
8225 57375 0150
8225 57375 0166
8225 57375 0177
8225 57375 0179
8225 57375 0185
8225 57375 0189
8225 57375 0266
8225 57375 0351
8225 57375 0376
8225 57375 0393
8225 57375 0464
8225 57375 0498
8225 57375 0569
8225 57375 0581
8225 57375 0582
8225 57375 0606
8225 57375 0616
8225 57375 0680
8225 57375 0700
8225 57375 0713
8225 57375 0724
8225 57375 0777
8225 57375 0816
8225 57375 0844
8225 57375 0946
8225 57375 0961
8225 57375 0978
8226 57423 0010
8226 57423 0019
8226 57423 0034
8226 57423 0136
8226 57423 0168
8226 57423 0249
8226 57423 0266
8226 57423 0273
8226 57423 0278
8226 57423 0294
8226 57423 0297
8226 57423 0327
8226 57423 0344
8226 57423 0346
8226 57423 0354
8226 57423 0367
8226 57423 0378
8226 57423 0452
8226 57423 0460
8226 57423 0463
8226 57423 0518
8226 57423 0581
8226 57423 0587
8226 57423 0626
8226 57423 0650
8226 57423 0714
8226 57423 0734
8226 57423 0774
8226 57423 0775
8226 57423 0840
8226 57423 0899
8226 57423 0908
8226 57423 0918
8226 57423 0928
8226 57423 0942
8226 57423 0944
8226 57423 0972
8227 57427 0014
8227 57427 0040
8227 57427 0074
8227 57427 0102
8227 57427 0170
8227 57427 0171
8227 57427 0218
8227 57427 0371
8227 57427 0375
8227 57427 0381
8227 57427 0386
8227 57427 0412
8227 57427 0436
8227 57427 0456
8227 57427 0462
8227 57427 0496
8227 57427 0500
8227 57427 0502
8227 57427 0534
8227 57427 0698
8227 57427 0699
8227 57427 0701
8227 57427 0726
8227 57427 0748
8227 57427 0773
8227 57427 0780
8227 57427 0826
8227 57427 0838
8227 57427 0846
8227 57427 0880
8227 57427 0882
8227 57427 0886
8227 57427 0890
8227 57427 0936
8227 57427 0950
8227 57427 0967
8228 57423 0034
8228 57423 0140
8228 57423 0142
8228 57423 0150
8228 57423 0160
8228 57423 0196
8228 57423 0326
8228 57423 0332
8228 57423 0368
8228 57423 0372
8228 57423 0396
8228 57423 0426
8228 57423 0556
8228 57423 0624
8228 57423 0625
8228 57423 0660
8228 57423 0669
8228 57423 0676
8228 57423 0694
8228 57423 0801
8228 57423 0860
8228 57423 0912
8228 57423 0960
8228 57423 0986
8229 57430 0016
8229 57430 0024
8229 57430 0042
8229 57430 0046
8229 57430 0059
8229 57430 0128
8229 57430 0170
8229 57430 0203
8229 57430 0214
8229 57430 0235
8229 57430 0237
8229 57430 0260
8229 57430 0270
8229 57430 0274
8229 57430 0286
8229 57430 0325
8229 57430 0358
8229 57430 0385
8229 57430 0398
8229 57430 0424
8229 57430 0496
8229 57430 0515
8229 57430 0516
8229 57430 0518
8229 57430 0519
8229 57430 0548
8229 57430 0570
8229 57430 0593
8229 57430 0632
8229 57430 0679
8229 57430 0698
8229 57430 0759
8229 57430 0765
8229 57430 0766
8229 57430 0768
8229 57430 0802
8229 57430 0818
8229 57430 0828
8229 57430 0843
8229 57430 0856
8229 57430 0922
8229 57430 0925
8230 57430 0003
8230 57430 0019
8230 57430 0138
8230 57430 0140
8230 57430 0232
8230 57430 0235
8230 57430 0299
8230 57430 0318
8230 57430 0405
8230 57430 0422
8230 57430 0428
8230 57430 0456
8230 57430 0496
8230 57430 0499
8230 57430 0519
8230 57430 0520
8230 57430 0536
8230 57430 0580
8230 57430 0584
8230 57430 0685
8230 57430 0767
8230 57430 0782
8230 57430 0818
8230 57430 0834
8230 57430 0861
8230 57430 0900
8230 57430 0934
8230 57430 0978
8230 57430 0995
8234 57450 0130
8234 57450 0171
8234 57450 0196
8234 57450 0242
8234 57450 0267
8234 57450 0304
8234 57450 0355
8234 57450 0371
8234 57450 0382
8234 57450 0419
8234 57450 0437
8234 57450 0463
8234 57450 0468
8234 57450 0535
8234 57450 0623
8234 57450 0628
8234 57450 0659
8234 57450 0662
8234 57450 0672
8234 57450 0674
8234 57450 0710
8234 57450 0759
8234 57450 0806
8234 57450 0826
8234 57450 0932
8234 57450 0950
8234 57450 0976
8234 57450 0990
8276 57067 0042
8276 57067 0087
8276 57067 0152
8276 57067 0175
8276 57067 0181
8276 57067 0186
8276 57067 0188
8276 57067 0222
8276 57067 0236
8276 57067 0242
8276 57067 0256
8276 57067 0302
8276 57067 0307
8276 57067 0335
8276 57067 0338
8276 57067 0476
8276 57067 0536
8276 57067 0563
8276 57067 0584
8276 57067 0626
8276 57067 0650
8276 57067 0656
8276 57067 0660
8276 57067 0738
8276 57067 0769
8276 57067 0772
8276 57067 0811
8276 57067 0816
8276 57067 0820
8276 57067 0834
8276 57067 0853
8276 57067 0855
8276 57067 0941
8276 57067 0974
8276 57067 0992
8277 57073 0026
8277 57073 0152
8277 57073 0209
8277 57073 0225
8277 57073 0228
8277 57073 0248
8277 57073 0252
8277 57073 0287
8277 57073 0291
8277 57073 0299
8277 57073 0300
8277 57073 0340
8277 57073 0370
8277 57073 0383
8277 57073 0384
8277 57073 0422
8277 57073 0438
8277 57073 0490
8277 57073 0494
8277 57073 0497
8277 57073 0532
8277 57073 0554
8277 57073 0600
8277 57073 0654
8277 57073 0663
8277 57073 0674
8277 57073 0693
8277 57073 0710
8277 57073 0786
8277 57073 0818
8277 57073 0830
8277 57073 0842
8277 57073 0857
8277 57073 0888
8277 57073 0898
8277 57073 0908
8277 57073 0916
8277 57073 0931
8277 57073 0981
8277 57073 0996
8278 56990 0006
8278 56990 0017
8278 56990 0062
8278 56990 0066
8278 56990 0078
8278 56990 0086
8278 56990 0102
8278 56990 0133
8278 56990 0136
8278 56990 0196
8278 56990 0216
8278 56990 0221
8278 56990 0225
8278 56990 0244
8278 56990 0249
8278 56990 0250
8278 56990 0290
8278 56990 0291
8278 56990 0340
8278 56990 0357
8278 56990 0392
8278 56990 0406
8278 56990 0418
8278 56990 0424
8278 56990 0430
8278 56990 0503
8278 56990 0510
8278 56990 0539
8278 56990 0580
8278 56990 0591
8278 56990 0622
8278 56990 0708
8278 56990 0750
8278 56990 0800
8278 56990 0815
8278 56990 0828
8278 56990 0837
8278 56990 0846
8278 56990 0857
8278 56990 0887
8278 56990 0890
8278 56990 0896
8278 56990 0904
8278 56990 0966
8279 57063 0011
8279 57063 0066
8279 57063 0080
8279 57063 0126
8279 57063 0142
8279 57063 0224
8279 57063 0239
8279 57063 0254
8279 57063 0258
8279 57063 0271
8279 57063 0274
8279 57063 0280
8279 57063 0288
8279 57063 0312
8279 57063 0320
8279 57063 0327
8279 57063 0328
8279 57063 0335
8279 57063 0369
8279 57063 0378
8279 57063 0392
8279 57063 0396
8279 57063 0400
8279 57063 0468
8279 57063 0508
8279 57063 0518
8279 57063 0520
8279 57063 0550
8279 57063 0557
8279 57063 0582
8279 57063 0584
8279 57063 0589
8279 57063 0610
8279 57063 0621
8279 57063 0623
8279 57063 0631
8279 57063 0634
8279 57063 0664
8279 57063 0670
8279 57063 0692
8279 57063 0697
8279 57063 0702
8279 57063 0708
8279 57063 0860
8279 57063 0876
8279 57063 0878
8279 57063 0925
8279 57063 0949
8279 57063 0962
8280 57061 0032
8280 57061 0043
8280 57061 0065
8280 57061 0094
8280 57061 0109
8280 57061 0110
8280 57061 0135
8280 57061 0196
8280 57061 0306
8280 57061 0326
8280 57061 0345
8280 57061 0367
8280 57061 0374
8280 57061 0378
8280 57061 0391
8280 57061 0393
8280 57061 0418
8280 57061 0456
8280 57061 0464
8280 57061 0471
8280 57061 0524
8280 57061 0550
8280 57061 0568
8280 57061 0634
8280 57061 0635
8280 57061 0646
8280 57061 0659
8280 57061 0670
8280 57061 0757
8280 57061 0767
8280 57061 0771
8280 57061 0798
8280 57061 0800
8280 57061 0808
8280 57061 0812
8280 57061 0865
8280 57061 0888
8280 57061 0962
8281 57042 0040
8281 57042 0048
8281 57042 0054
8281 57042 0065
8281 57042 0123
8281 57042 0142
8281 57042 0192
8281 57042 0194
8281 57042 0196
8281 57042 0206
8281 57042 0234
8281 57042 0274
8281 57042 0310
8281 57042 0336
8281 57042 0366
8281 57042 0397
8281 57042 0398
8281 57042 0424
8281 57042 0470
8281 57042 0560
8281 57042 0573
8281 57042 0580
8281 57042 0638
8281 57042 0644
8281 57042 0690
8281 57042 0699
8281 57042 0703
8281 57042 0718
8281 57042 0756
8281 57042 0778
8281 57042 0846
8281 57042 0908
8281 57042 0910
8281 57042 0964
8281 57042 0984
8282 57041 0060
8282 57041 0068
8282 57041 0120
8282 57041 0158
8282 57041 0160
8282 57041 0189
8282 57041 0209
8282 57041 0220
8282 57041 0248
8282 57041 0450
8282 57041 0481
8282 57041 0515
8282 57041 0523
8282 57041 0524
