8500 57432 0676
8500 57432 0702
8500 57432 0780
8500 57432 0785
8500 57432 0787
8500 57432 0796
8500 57432 0872
8500 57432 0923
8500 57432 0925
8500 57432 0994
8501 57519 0023
8501 57519 0121
8501 57519 0180
8501 57519 0238
8501 57519 0283
8501 57519 0360
8501 57519 0382
8501 57519 0404
8501 57519 0428
8501 57519 0510
8501 57519 0626
8501 57519 0648
8501 57519 0681
8501 57519 0701
8501 57519 0756
8501 57519 0787
8501 57519 0791
8501 57519 0809
8501 57519 0832
8501 57519 0841
8501 57519 0872
8501 57519 0913
8501 57519 0924
8501 57519 0926
8501 57519 0951
8501 57519 0964
8501 57519 0980
8502 57512 0028
8502 57512 0040
8502 57512 0082
8502 57512 0194
8502 57512 0210
8502 57512 0216
8502 57512 0250
8502 57512 0325
8502 57512 0346
8502 57512 0446
8502 57512 0454
8502 57512 0470
8502 57512 0471
8502 57512 0554
8502 57512 0604
8502 57512 0662
8502 57512 0678
8502 57512 0704
8502 57512 0733
8502 57512 0756
8502 57512 0774
8502 57512 0786
8502 57512 0840
8502 57512 0869
8502 57512 0875
8502 57512 0942
8502 57512 0987
8503 57519 0011
8503 57519 0015
8503 57519 0024
8503 57519 0064
8503 57519 0086
8503 57519 0088
8503 57519 0108
8503 57519 0145
8503 57519 0151
8503 57519 0153
8503 57519 0163
8503 57519 0218
8503 57519 0244
8503 57519 0245
8503 57519 0277
8503 57519 0324
8503 57519 0332
8503 57519 0408
8503 57519 0427
8503 57519 0453
8503 57519 0463
8503 57519 0516
8503 57519 0522
8503 57519 0569
8503 57519 0594
8503 57519 0603
8503 57519 0612
8503 57519 0620
8503 57519 0650
8503 57519 0690
8503 57519 0706
8503 57519 0844
8503 57519 0852
8503 57519 0862
8503 57519 0870
8503 57519 0884
8503 57519 0910
8503 57519 0914
8503 57519 0941
8503 57519 0956
8503 57519 0961
8503 57519 0975
8503 57519 0983
8503 57519 0985
8504 57518 0016
8504 57518 0170
8504 57518 0188
8504 57518 0224
8504 57518 0264
8504 57518 0367
8504 57518 0369
8504 57518 0407
8504 57518 0432
8504 57518 0518
8504 57518 0530
8504 57518 0532
8504 57518 0586
8504 57518 0628
8504 57518 0631
8504 57518 0650
8504 57518 0654
8504 57518 0658
8504 57518 0672
8504 57518 0698
8504 57518 0734
8504 57518 0810
8504 57518 0843
8504 57518 0858
8504 57518 0867
8504 57518 0886
8504 57518 0898
8504 57518 0903
8504 57518 0909
8504 57518 0942
8504 57518 0945
8504 57518 0954
8504 57518 0960
8504 57518 0968
8504 57518 0970
8504 57518 0984
8729 57399 0030
8729 57399 0036
8729 57399 0048
8729 57399 0094
8729 57399 0103
8729 57399 0106
8729 57399 0142
8729 57399 0148
8729 57399 0183
8729 57399 0218
8729 57399 0220
8729 57399 0223
8729 57399 0229
8729 57399 0232
8729 57399 0272
8729 57399 0350
8729 57399 0356
8729 57399 0372
8729 57399 0418
8729 57399 0419
8729 57399 0606
8729 57399 0653
8729 57399 0658
8729 57399 0708
8729 57399 0788
8729 57399 0822
8729 57399 0858
8729 57399 0899
8729 57399 0977
8731 57416 0096
8731 57416 0128
8731 57416 0192
8731 57416 0193
8731 57416 0242
8731 57416 0250
8731 57416 0293
8731 57416 0306
8731 57416 0309
8731 57416 0367
8731 57416 0369
8731 57416 0453
8731 57416 0487
8731 57416 0494
8731 57416 0506
8731 57416 0652
8731 57416 0696
8731 57416 0718
8731 57416 0724
8731 57416 0734
8731 57416 0770
8731 57416 0772
8731 57416 0797
8731 57416 0815
8731 57416 0836
8731 57416 0844
8731 57416 0852
8731 57416 0920
8732 57418 0074
8732 57418 0124
8732 57418 0156
8732 57418 0190
8732 57418 0217
8732 57418 0244
8732 57418 0290
8732 57418 0301
8732 57418 0314
8732 57418 0348
8732 57418 0356
8732 57418 0362
8732 57418 0506
8732 57418 0527
8732 57418 0540
8732 57418 0573
8732 57418 0575
8732 57418 0642
8732 57418 0778
8732 57418 0800
8732 57418 0886
8732 57418 0923
8732 57418 0928
8732 57418 0931
8732 57418 0988
8736 57400 0104
8736 57400 0105
8736 57400 0108
8736 57400 0110
8736 57400 0111
8736 57400 0113
8736 57400 0116
8736 57400 0119
8736 57400 0128
8736 57400 0155
8736 57400 0173
8736 57400 0174
8736 57400 0192
8736 57400 0197
8736 57400 0200
8736 57400 0224
8736 57400 0246
8736 57400 0252
8736 57400 0278
8736 57400 0301
8736 57400 0306
8736 57400 0361
8736 57400 0380
8736 57400 0466
8736 57400 0478
8736 57400 0520
8736 57400 0548
8736 57400 0554
8736 57400 0572
8736 57400 0601
8736 57400 0654
8736 57400 0682
8736 57400 0728
8736 57400 0762
8736 57400 0782
8736 57400 0844
8736 57400 0862
8736 57400 0885
8736 57400 0963
8736 57400 0982
8738 57402 0004
8738 57402 0098
8738 57402 0134
8738 57402 0136
8738 57402 0137
8738 57402 0138
8738 57402 0183
8738 57402 0212
8738 57402 0218
8738 57402 0262
8738 57402 0272
8738 57402 0444
8738 57402 0454
8738 57402 0468
8738 57402 0543
8738 57402 0544
8738 57402 0548
8738 57402 0560
8738 57402 0566
8738 57402 0602
8738 57402 0612
8738 57402 0642
8738 57402 0647
8738 57402 0698
8738 57402 0719
8738 57402 0788
8738 57402 0854
8738 57402 0881
8738 57402 0884
8738 57402 0901
8738 57402 0909
8738 57402 0922
8738 57402 0924
8738 57402 0929
8740 57367 0021
8740 57367 0034
8740 57367 0044
8740 57367 0113
8740 57367 0118
8740 57367 0188
8740 57367 0194
8740 57367 0214
8740 57367 0236
8740 57367 0262
8740 57367 0337
8740 57367 0338
8740 57367 0366
8740 57367 0378
8740 57367 0408
8740 57367 0445
8740 57367 0454
8740 57367 0480
8740 57367 0507
8740 57367 0554
8740 57367 0556
8740 57367 0598
8740 57367 0604
8740 57367 0610
8740 57367 0647
8740 57367 0654
8740 57367 0658
8740 57367 0687
8740 57367 0689
8740 57367 0692
8740 57367 0693
8740 57367 0722
8740 57367 0723
8740 57367 0732
8740 57367 0740
8740 57367 0791
8740 57367 0794
8740 57367 0797
8740 57367 0861
8740 57367 0872
8740 57367 0883
8740 57367 0901
8740 57367 0905
8740 57367 0992
8741 57390 0048
8741 57390 0092
8741 57390 0193
8741 57390 0229
8741 57390 0232
8741 57390 0233
8741 57390 0238
8741 57390 0243
8741 57390 0254
8741 57390 0268
8741 57390 0320
8741 57390 0326
8741 57390 0330
8741 57390 0354
8741 57390 0392
8741 57390 0464
8741 57390 0516
8741 57390 0538
8741 57390 0590
8741 57390 0612
8741 57390 0614
8741 57390 0619
8741 57390 0655
8741 57390 0672
8741 57390 0703
8741 57390 0753
8741 57390 0764
8741 57390 0772
8741 57390 0866
8741 57390 0888
8741 57390 0918
8741 57390 0926
8741 57390 0963
8742 57364 0128
8742 57364 0137
8742 57364 0188
8742 57364 0202
8742 57364 0219
8742 57364 0220
8742 57364 0245
8742 57364 0403
8742 57364 0404
8742 57364 0450
8742 57364 0476
8742 57364 0496
8742 57364 0507
8742 57364 0533
8742 57364 0534
8742 57364 0715
8742 57364 0721
8742 57364 0735
8742 57364 0755
8742 57364 0781
8742 57364 0804
8742 57364 0812
8742 57364 0845
8742 57364 0865
8742 57364 0892
8742 57364 0900
8742 57364 0902
8742 57364 0928
8742 57364 0979
8742 57364 0995
8745 57391 0038
8745 57391 0040
8745 57391 0108
8745 57391 0145
8745 57391 0221
8745 57391 0286
8745 57391 0329
8745 57391 0370
8745 57391 0438
8745 57391 0473
8745 57391 0554
8745 57391 0633
8745 57391 0657
8745 57391 0670
8745 57391 0684
8745 57391 0712
8745 57391 0770
8745 57391 0830
8745 57391 0832
8745 57391 0848
8745 57391 0932
8745 57391 0961
8745 57391 0994
8747 57401 0087
8747 57401 0089
8747 57401 0131
8747 57401 0148
8747 57401 0190
8747 57401 0288
8747 57401 0297
8747 57401 0351
8747 57401 0365
8747 57401 0432
8747 57401 0434
8747 57401 0442
8747 57401 0462
8747 57401 0498
8747 57401 0508
8747 57401 0519
8747 57401 0534
8747 57401 0566
8747 57401 0570
8747 57401 0582
8747 57401 0627
8747 57401 0672
8747 57401 0676
8747 57401 0718
8747 57401 0720
8747 57401 0740
8747 57401 0742
8747 57401 0746
8747 57401 0750
8747 57401 0752
8747 57401 0772
8747 57401 0776
8747 57401 0787
8747 57401 0791
8747 57401 0814
8747 57401 0862
8747 57401 0914
8747 57401 0950
8753 57373 0049
8753 57373 0181
8753 57373 0184
8753 57373 0188
8753 57373 0242
8753 57373 0264
8753 57373 0269
8753 57373 0301
8753 57373 0320
8753 57373 0351
8753 57373 0406
8753 57373 0458
8753 57373 0540
8753 57373 0543
8753 57373 0552
8753 57373 0578
8753 57373 0584
8753 57373 0585
8753 57373 0665
8753 57373 0666
8753 57373 0680
8753 57373 0682
8753 57373 0730
8753 57373 0738
8753 57373 0740
8753 57373 0742
8753 57373 0800
8753 57373 0834
8753 57373 0858
8753 57373 0866
8753 57373 0938
8753 57373 0941
8753 57373 0956
8819 57450 0008
8819 57450 0026
8819 57450 0037
8819 57450 0038
8819 57450 0069
8819 57450 0090
8819 57450 0141
8819 57450 0169
8819 57450 0170
8819 57450 0184
8819 57450 0209
8819 57450 0210
8819 57450 0281
8819 57450 0298
8819 57450 0384
8819 57450 0403
8819 57450 0440
8819 57450 0458
8819 57450 0506
8819 57450 0565
8819 57450 0699
8819 57450 0728
8819 57450 0730
8819 57450 0772
8819 57450 0802
8819 57450 0818
8819 57450 0930
8819 57450 0972
8819 57450 0983
8820 57449 0008
8820 57449 0010
8820 57449 0040
8820 57449 0058
8820 57449 0060
8820 57449 0094
8820 57449 0156
8820 57449 0257
8820 57449 0354
8820 57449 0440
8820 57449 0452
8820 57449 0557
8820 57449 0587
8820 57449 0591
8820 57449 0712
8820 57449 0732
8820 57449 0887
8820 57449 0896
8823 57446 0019
8823 57446 0058
8823 57446 0099
8823 57446 0174
8823 57446 0209
8823 57446 0259
8823 57446 0263
8823 57446 0264
8823 57446 0277
8823 57446 0309
8823 57446 0331
8823 57446 0344
8823 57446 0384
8823 57446 0423
8823 57446 0450
8823 57446 0456
8823 57446 0521
8823 57446 0529
8823 57446 0578
8823 57446 0617
8823 57446 0618
8823 57446 0651
8823 57446 0722
8823 57446 0760
8823 57446 0769
8823 57446 0829
8823 57446 0855
8823 57446 0876
8823 57446 0896
8823 57446 0908
8823 57446 0922
8825 57451 0001
8825 57451 0026
8825 57451 0072
8825 57451 0138
8825 57451 0148
8825 57451 0168
8825 57451 0200
8825 57451 0206
8825 57451 0227
8825 57451 0285
8825 57451 0286
8825 57451 0299
8825 57451 0320
8825 57451 0324
8825 57451 0346
8825 57451 0353
8825 57451 0406
8825 57451 0428
8825 57451 0461
8825 57451 0462
8825 57451 0632
8825 57451 0640
8825 57451 0672
8825 57451 0692
8825 57451 0699
8825 57451 0704
8825 57451 0750
8825 57451 0887
8825 57451 0914
8825 57451 0918
8825 57451 0936
8825 57451 0962
8825 57451 0963
8825 57451 0981
8826 57452 0016
8826 57452 0112
8826 57452 0146
8826 57452 0148
8826 57452 0179
8826 57452 0210
8826 57452 0218
8826 57452 0306
8826 57452 0307
8826 57452 0350
8826 57452 0352
8826 57452 0440
8826 57452 0482
8826 57452 0514
8826 57452 0571
8826 57452 0729
8826 57452 0891
8826 57452 0892
8827 57444 0027
8827 57444 0051
8827 57444 0072
8827 57444 0079
8827 57444 0124
8827 57444 0137
8827 57444 0140
8827 57444 0164
8827 57444 0180
8827 57444 0182
8827 57444 0214
8827 57444 0274
8827 57444 0296
8827 57444 0308
8827 57444 0339
8827 57444 0372
8827 57444 0406
8827 57444 0415
8827 57444 0432
8827 57444 0452
8827 57444 0483
8827 57444 0558
8827 57444 0594
8827 57444 0722
8827 57444 0738
8827 57444 0796
8827 57444 0800
8827 57444 0830
8827 57444 0834
8827 57444 0898
8827 57444 0922
8827 57444 0996
8828 57445 0008
8828 57445 0014
8828 57445 0057
8828 57445 0073
8828 57445 0113
8828 57445 0122
8828 57445 0127
8828 57445 0143
8828 57445 0146
8828 57445 0150
8828 57445 0160
8828 57445 0193
8828 57445 0198
8828 57445 0199
8828 57445 0226
8828 57445 0230
8828 57445 0281
8828 57445 0311
8828 57445 0338
8828 57445 0370
8828 57445 0389
8828 57445 0413
8828 57445 0422
8828 57445 0428
8828 57445 0438
8828 57445 0460
8828 57445 0479
8828 57445 0519
8828 57445 0577
8828 57445 0610
8828 57445 0642
8828 57445 0649
8828 57445 0693
8828 57445 0725
8828 57445 0768
8828 57445 0773
8828 57445 0814
8828 57445 0853
8828 57445 0982
8828 57445 0994
8829 57446 0003
8829 57446 0010
8829 57446 0084
8829 57446 0140
8829 57446 0156
8829 57446 0174
8829 57446 0200
8829 57446 0213
8829 57446 0232
8829 57446 0272
8829 57446 0306
8829 57446 0344
8829 57446 0354
8829 57446 0404
8829 57446 0406
8829 57446 0418
8829 57446 0459
8829 57446 0480
8829 57446 0573
8829 57446 0580
8829 57446 0646
8829 57446 0762
8829 57446 0968
8830 57447 0003
8830 57447 0075
8830 57447 0090
8830 57447 0104
8830 57447 0150
8830 57447 0167
8830 57447 0179
8830 57447 0202
8830 57447 0206
8830 57447 0230
8830 57447 0244
8830 57447 0246
8830 57447 0271
8830 57447 0279
8830 57447 0286
8830 57447 0289
8830 57447 0305
8830 57447 0316
8830 57447 0370
8830 57447 0393
8830 57447 0487
8830 57447 0524
8830 57447 0564
8830 57447 0568
8830 57447 0604
8830 57447 0614
8830 57447 0650
8830 57447 0694
8830 57447 0804
8830 57447 0855
8830 57447 0899
8830 57447 0972
8831 57448 0043
8831 57448 0069
8831 57448 0130
8831 57448 0139
8831 57448 0156
8831 57448 0164
8831 57448 0170
8831 57448 0211
8831 57448 0244
8831 57448 0272
8831 57448 0276
8831 57448 0294
8831 57448 0314
8831 57448 0342
8831 57448 0372
8831 57448 0383
8831 57448 0391
8831 57448 0404
8831 57448 0420
8831 57448 0440
8831 57448 0457
8831 57448 0473
8831 57448 0480
8831 57448 0494
8831 57448 0513
8831 57448 0612
8831 57448 0645
8831 57448 0698
8831 57448 0724
8831 57448 0763
8831 57448 0779
8831 57448 0815
8831 57448 0850
8831 57448 0899
8831 57448 0939
8831 57448 0971
8832 57445 0026
8832 57445 0036
8832 57445 0038
8832 57445 0044
8832 57445 0091
8832 57445 0154
8832 57445 0163
8832 57445 0167
8832 57445 0184
8832 57445 0266
8832 57445 0342
8832 57445 0378
8832 57445 0388
8832 57445 0407
8832 57445 0422
8832 57445 0458
8832 57445 0463
8832 57445 0516
8832 57445 0519
8832 57445 0523
8832 57445 0531
8832 57445 0536
8832 57445 0892
8832 57445 0996
8834 57458 0029
8834 57458 0034
8834 57458 0044
8834 57458 0067
8834 57458 0172
8834 57458 0181
8834 57458 0209
8834 57458 0255
8834 57458 0273
8834 57458 0324
8834 57458 0336
8834 57458 0362
8834 57458 0381
8834 57458 0438
8834 57458 0456
8834 57458 0458
8834 57458 0528
8834 57458 0533
8834 57458 0560
8834 57458 0682
8834 57458 0797
8834 57458 0818
8834 57458 0844
8834 57458 0893
8834 57458 0928
8834 57458 0932
8834 57458 0962
8835 57427 0020
8835 57427 0075
8835 57427 0078
8835 57427 0082
8835 57427 0204
8835 57427 0210
8835 57427 0226
8835 57427 0258
8835 57427 0281
8835 57427 0294
8835 57427 0455
8835 57427 0470
8835 57427 0475
8835 57427 0478
8835 57427 0486
8835 57427 0518
8835 57427 0534
8835 57427 0562
8835 57427 0610
8835 57427 0653
8835 57427 0684
8835 57427 0687
8835 57427 0812
8835 57427 0852
8835 57427 0924
8835 57427 0934
8836 57424 0006
8836 57424 0007
8836 57424 0018
8836 57424 0054
8836 57424 0293
8836 57424 0398
8836 57424 0414
8836 57424 0416
8836 57424 0424
8836 57424 0448
8836 57424 0500
8836 57424 0503
8836 57424 0504
8836 57424 0512
8836 57424 0517
8836 57424 0620
8836 57424 0725
8836 57424 0764
8836 57424 0816
8836 57424 0964
8836 57424 0979
8836 57424 0992
8836 57424 0996
8840 57425 0053
8840 57425 0066
8840 57425 0078
8840 57425 0172
8840 57425 0208
8840 57425 0228
8840 57425 0235
8840 57425 0275
8840 57425 0279
8840 57425 0314
8840 57425 0349
8840 57425 0435
8840 57425 0453
8840 57425 0468
8840 57425 0490
8840 57425 0494
8840 57425 0526
8840 57425 0534
8840 57425 0601
8840 57425 0602
8840 57425 0726
8840 57425 0777
8840 57425 0796
8840 57425 0843
8840 57425 0844
8840 57425 0954
8840 57425 0960
8840 57425 0964
8840 57425 0974
8840 57425 0996
8841 57425 0002
8841 57425 0024
8841 57425 0052
8841 57425 0055
8841 57425 0088
8841 57425 0116
8841 57425 0118
8841 57425 0124
8841 57425 0179
8841 57425 0197
8841 57425 0248
8841 57425 0250
8841 57425 0378
8841 57425 0444
8841 57425 0462
8841 57425 0528
8841 57425 0569
8841 57425 0606
8841 57425 0638
8841 57425 0698
8841 57425 0735
8841 57425 0737
8841 57425 0804
8841 57425 0808
8841 57425 0884
8841 57425 0939
8841 57425 0962
8842 57424 0043
8842 57424 0064
8842 57424 0076
8842 57424 0091
8842 57424 0102
8842 57424 0130
8842 57424 0145
8842 57424 0190
8842 57424 0313
8842 57424 0315
8842 57424 0324
8842 57424 0370
8842 57424 0373
8842 57424 0378
8842 57424 0416
8842 57424 0420
8842 57424 0441
8842 57424 0484
8842 57424 0490
8842 57424 0497
8842 57424 0572
8842 57424 0644
8842 57424 0855
8843 57423 0011
8843 57423 0034
8843 57423 0078
8843 57423 0232
8843 57423 0256
8843 57423 0322
8843 57423 0340
8843 57423 0398
8843 57423 0459
8843 57423 0535
8843 57423 0697
8843 57423 0810
8843 57423 0817
8843 57423 0855
8843 57423 0897
8843 57423 0898
8843 57423 0926
8843 57423 0937
8844 57424 0028
8844 57424 0082
8844 57424 0097
8844 57424 0099
8844 57424 0136
8844 57424 0138
8844 57424 0222
8844 57424 0302
8844 57424 0385
