plate mjd fiber
7654 57330 0303
7654 57330 0304
7654 57330 0387
7654 57330 0410
7654 57330 0506
7654 57330 0538
7654 57330 0698
7654 57330 0743
7654 57330 0920
7654 57330 0933
7654 57330 0960
7654 57330 0971
7654 57330 0976
7655 57336 0054
7655 57336 0140
7655 57336 0153
7655 57336 0192
7655 57336 0225
7655 57336 0250
7655 57336 0328
7655 57336 0372
7655 57336 0378
7655 57336 0380
7655 57336 0437
7655 57336 0478
7655 57336 0484
7655 57336 0500
7655 57336 0576
7655 57336 0680
7655 57336 0714
7655 57336 0833
7655 57336 0996
7656 57338 0341
7656 57338 0547
7656 57338 0593
7656 57338 0636
7656 57338 0684
7656 57338 0967
7657 57309 0029
7657 57309 0032
7657 57309 0042
7657 57309 0050
7657 57309 0054
7657 57309 0088
7657 57309 0092
7657 57309 0116
7657 57309 0124
7657 57309 0151
7657 57309 0157
7657 57309 0254
7657 57309 0257
7657 57309 0259
7657 57309 0304
7657 57309 0374
7657 57309 0524
7657 57309 0562
7657 57309 0620
7657 57309 0726
7657 57309 0732
7657 57309 0826
7657 57309 0886
7657 57309 0923
7657 57309 0969
7657 57309 0970
7658 57312 0008
7658 57312 0066
7658 57312 0068
7658 57312 0108
7658 57312 0113
7658 57312 0138
7658 57312 0143
7658 57312 0340
7658 57312 0342
7658 57312 0350
7658 57312 0352
7658 57312 0353
7658 57312 0354
7658 57312 0388
7658 57312 0411
7658 57312 0450
7658 57312 0490
7658 57312 0532
7658 57312 0534
7658 57312 0833
7658 57312 0893
7658 57312 0895
7658 57312 0996
7658 57312 0999
7659 57060 0026
7659 57060 0065
7659 57060 0072
7659 57060 0093
7659 57060 0153
7659 57060 0188
7659 57060 0196
7659 57060 0214
7659 57060 0299
7659 57060 0363
7659 57060 0380
7659 57060 0412
7659 57060 0466
7659 57060 0512
7659 57060 0518
7659 57060 0568
7659 57060 0588
7659 57060 0656
7659 57060 0702
7659 57060 0710
7659 57060 0719
7659 57060 0754
7659 57060 0758
7659 57060 0766
7659 57060 0806
7659 57060 0851
7659 57060 0888
7660 57357 0057
7660 57357 0146
7660 57357 0147
7660 57357 0182
7660 57357 0232
7660 57357 0259
7660 57357 0270
7660 57357 0338
7660 57357 0356
7660 57357 0370
7660 57357 0394
7660 57357 0495
7660 57357 0501
7660 57357 0572
7660 57357 0606
7660 57357 0746
7660 57357 0747
7660 57357 0748
7660 57357 0756
7660 57357 0840
7660 57357 0875
7660 57357 0880
7660 57357 0926
7660 57357 0927
7660 57357 0929
7661 57286 0062
7661 57286 0080
7661 57286 0190
7661 57286 0286
7661 57286 0300
7661 57286 0322
7661 57286 0324
7661 57286 0408
7661 57286 0428
7661 57286 0446
7661 57286 0454
7661 57286 0484
7661 57286 0510
7661 57286 0526
7661 57286 0603
7661 57286 0686
7661 57286 0730
7661 57286 0742
7661 57286 0759
7661 57286 0930
7661 57286 0961
7661 57286 0964
7661 57286 0966
7661 57286 0994
7662 57358 0002
7662 57358 0022
7662 57358 0029
7662 57358 0051
7662 57358 0058
7662 57358 0072
7662 57358 0076
7662 57358 0165
7662 57358 0166
7662 57358 0167
7662 57358 0226
7662 57358 0294
7662 57358 0302
7662 57358 0332
7662 57358 0334
7662 57358 0348
7662 57358 0358
7662 57358 0384
7662 57358 0386
7662 57358 0428
7662 57358 0535
7662 57358 0586
7662 57358 0616
7662 57358 0646
7662 57358 0698
7662 57358 0737
7662 57358 0742
7662 57358 0812
7662 57358 0841
7662 57358 0953
7663 57328 0066
7663 57328 0085
7663 57328 0090
7663 57328 0104
7663 57328 0106
7663 57328 0182
7663 57328 0184
7663 57328 0190
7663 57328 0192
7663 57328 0198
7663 57328 0248
7663 57328 0256
7663 57328 0264
7663 57328 0302
7663 57328 0308
7663 57328 0327
7663 57328 0443
7663 57328 0467
7663 57328 0510
7663 57328 0514
7663 57328 0532
7663 57328 0565
7663 57328 0576
7663 57328 0682
7663 57328 0685
7663 57328 0731
7663 57328 0741
7663 57328 0768
7663 57328 0806
7663 57328 0818
7663 57328 0893
7663 57328 0931
7663 57328 0957
7663 57328 0970
7663 57328 0986
7664 57367 0003
7664 57367 0050
7664 57367 0069
7664 57367 0080
7664 57367 0129
7664 57367 0131
7664 57367 0183
7664 57367 0192
7664 57367 0193
7664 57367 0196
7664 57367 0231
7664 57367 0252
7664 57367 0258
7664 57367 0268
7664 57367 0365
7664 57367 0384
7664 57367 0454
7664 57367 0561
7664 57367 0692
7664 57367 0693
7664 57367 0727
7664 57367 0743
7664 57367 0756
7664 57367 0792
7664 57367 0806
7664 57367 0816
7664 57367 0940
7664 57367 0941
7664 57367 0961
7664 57367 0992
7665 57328 0032
7665 57328 0102
7665 57328 0110
7665 57328 0136
7665 57328 0175
7665 57328 0176
7665 57328 0211
7665 57328 0234
7665 57328 0268
7665 57328 0288
7665 57328 0301
7665 57328 0310
7665 57328 0326
7665 57328 0327
7665 57328 0378
7665 57328 0406
7665 57328 0426
7665 57328 0434
7665 57328 0464
7665 57328 0480
7665 57328 0502
7665 57328 0534
7665 57328 0548
7665 57328 0550
7665 57328 0552
7665 57328 0558
7665 57328 0604
7665 57328 0614
7665 57328 0682
7665 57328 0694
7665 57328 0696
7665 57328 0763
7665 57328 0768
7665 57328 0770
7665 57328 0838
7665 57328 0886
7665 57328 0894
7666 57339 0043
7666 57339 0065
7666 57339 0066
7666 57339 0117
7666 57339 0133
7666 57339 0150
7666 57339 0208
7666 57339 0226
7666 57339 0228
7666 57339 0239
7666 57339 0413
7666 57339 0415
7666 57339 0424
7666 57339 0433
7666 57339 0456
7666 57339 0525
7666 57339 0594
7666 57339 0598
7666 57339 0664
7666 57339 0702
7666 57339 0826
7666 57339 0832
7666 57339 0846
7666 57339 0891
7666 57339 0898
7666 57339 0954
7669 57329 0069
7669 57329 0076
7669 57329 0104
7669 57329 0126
7669 57329 0140
7669 57329 0225
7669 57329 0236
7669 57329 0254
7669 57329 0304
7669 57329 0324
7669 57329 0356
7669 57329 0357
7669 57329 0360
7669 57329 0442
7669 57329 0468
7669 57329 0470
7669 57329 0525
7669 57329 0571
7669 57329 0610
7669 57329 0635
7669 57329 0789
7669 57329 0800
7669 57329 0835
7669 57329 0902
7669 57329 0903
7669 57329 0911
7669 57329 0966
7669 57329 0979
7670 57328 0040
7670 57328 0082
7670 57328 0102
7670 57328 0200
7670 57328 0216
7670 57328 0238
7670 57328 0278
7670 57328 0328
7670 57328 0373
7670 57328 0436
7670 57328 0438
7670 57328 0442
7670 57328 0457
7670 57328 0460
7670 57328 0463
7670 57328 0498
7670 57328 0513
7670 57328 0515
7670 57328 0526
7670 57328 0663
7670 57328 0774
7670 57328 0819
7670 57328 0883
7670 57328 0887
7670 57328 0896
7670 57328 0912
7670 57328 0929
7670 57328 0954
7670 57328 0988
7670 57328 1000
7671 57360 0003
7671 57360 0019
7671 57360 0064
7671 57360 0138
7671 57360 0144
7671 57360 0157
7671 57360 0300
7671 57360 0331
7671 57360 0332
7671 57360 0338
7671 57360 0348
7671 57360 0364
7671 57360 0382
7671 57360 0392
7671 57360 0499
7671 57360 0527
7671 57360 0552
7671 57360 0569
7671 57360 0622
7671 57360 0646
7671 57360 0652
7671 57360 0676
7671 57360 0678
7671 57360 0719
7671 57360 0758
7671 57360 0792
7671 57360 0811
7671 57360 0815
7671 57360 0896
7671 57360 0928
7671 57360 0929
7671 57360 0933
7671 57360 0979
7671 57360 0994
7672 57339 0018
7672 57339 0080
7672 57339 0094
7672 57339 0099
7672 57339 0126
7672 57339 0148
7672 57339 0198
7672 57339 0240
7672 57339 0259
7672 57339 0280
7672 57339 0322
7672 57339 0327
7672 57339 0332
7672 57339 0361
7672 57339 0398
7672 57339 0422
7672 57339 0423
7672 57339 0519
7672 57339 0620
7672 57339 0632
7672 57339 0648
7672 57339 0699
7672 57339 0728
7672 57339 0762
7672 57339 0772
7672 57339 0853
7672 57339 0943
7672 57339 0974
7673 57329 0034
7673 57329 0140
7673 57329 0155
7673 57329 0166
7673 57329 0212
7673 57329 0217
7673 57329 0218
7673 57329 0240
7673 57329 0261
7673 57329 0286
7673 57329 0301
7673 57329 0336
7673 57329 0359
7673 57329 0394
7673 57329 0412
7673 57329 0580
7673 57329 0586
7673 57329 0608
7673 57329 0661
7673 57329 0686
7673 57329 0702
7673 57329 0709
7673 57329 0770
7673 57329 0858
7673 57329 0871
7673 57329 0944
7674 57359 0057
7674 57359 0154
7674 57359 0214
7674 57359 0258
7674 57359 0262
7674 57359 0315
7674 57359 0362
7674 57359 0460
7674 57359 0503
7674 57359 0516
7674 57359 0528
7674 57359 0576
7674 57359 0609
7674 57359 0643
7674 57359 0675
7674 57359 0726
7674 57359 0818
7674 57359 0852
7674 57359 0858
7674 57359 0877
7674 57359 0891
7674 57359 0920
7674 57359 0928
7674 57359 0941
7674 57359 0947
7674 57359 0949
7674 57359 0956
7674 57359 0958
7675 57327 0003
7675 57327 0019
7675 57327 0151
7675 57327 0181
7675 57327 0208
7675 57327 0222
7675 57327 0246
7675 57327 0248
7675 57327 0252
7675 57327 0254
7675 57327 0268
7675 57327 0272
7675 57327 0296
7675 57327 0300
7675 57327 0349
7675 57327 0356
7675 57327 0365
7675 57327 0402
7675 57327 0494
7675 57327 0503
7675 57327 0536
7675 57327 0544
7675 57327 0581
7675 57327 0652
7675 57327 0696
7675 57327 0698
7675 57327 0776
7675 57327 0818
7675 57327 0870
7675 57327 0904
7675 57327 0937
7675 57327 0972
7676 57329 0060
7676 57329 0069
7676 57329 0079
7676 57329 0094
7676 57329 0145
7676 57329 0173
7676 57329 0180
7676 57329 0249
7676 57329 0262
7676 57329 0362
7676 57329 0468
7676 57329 0481
7676 57329 0482
7676 57329 0488
7676 57329 0490
7676 57329 0504
7676 57329 0510
7676 57329 0522
7676 57329 0526
7676 57329 0545
7676 57329 0549
7676 57329 0558
7676 57329 0588
7676 57329 0589
7676 57329 0603
7676 57329 0699
7676 57329 0717
7676 57329 0718
7676 57329 0736
7676 57329 0788
7676 57329 0851
7676 57329 0856
7677 57363 0108
7677 57363 0148
7677 57363 0154
7677 57363 0156
7677 57363 0201
7677 57363 0243
7677 57363 0312
7677 57363 0350
7677 57363 0355
7677 57363 0390
7677 57363 0434
7677 57363 0480
7677 57363 0487
7677 57363 0572
7677 57363 0573
7677 57363 0578
7677 57363 0588
7677 57363 0660
7677 57363 0700
7677 57363 0708
7677 57363 0726
7677 57363 0781
7677 57363 0819
7677 57363 0855
7677 57363 0856
7677 57363 0858
7677 57363 0884
7677 57363 0886
7677 57363 0964
7677 57363 0966
7677 57363 0973
7678 57282 0142
7678 57282 0152
7678 57282 0162
7678 57282 0222
7678 57282 0256
7678 57282 0320
7678 57282 0357
7678 57282 0368
7678 57282 0442
7678 57282 0482
7678 57282 0484
7678 57282 0485
7678 57282 0491
7678 57282 0539
7678 57282 0544
7678 57282 0556
7678 57282 0582
7678 57282 0602
7678 57282 0674
7678 57282 0693
7678 57282 0708
7678 57282 0762
7678 57282 0803
7678 57282 0840
7678 57282 0860
7678 57282 0917
7678 57282 0930
7678 57282 0945
7678 57282 0969
7678 57282 0988
7678 57282 0998
7679 57367 0050
7679 57367 0051
7679 57367 0168
7679 57367 0181
7679 57367 0197
7679 57367 0237
7679 57367 0260
7679 57367 0272
7679 57367 0319
7679 57367 0322
7679 57367 0370
7679 57367 0374
7679 57367 0467
7679 57367 0470
7679 57367 0482
7679 57367 0540
7679 57367 0554
7679 57367 0566
7679 57367 0590
7679 57367 0655
7679 57367 0724
7679 57367 0772
7679 57367 0786
7679 57367 0800
7679 57367 0819
7679 57367 0882
7679 57367 0925
7679 57367 0934
7679 57367 0992
7679 57367 0996
7681 57042 0005
7681 57042 0026
7681 57042 0031
7681 57042 0039
7681 57042 0208
7681 57042 0260
7681 57042 0317
7681 57042 0320
7681 57042 0330
7681 57042 0445
7681 57042 0446
7681 57042 0460
7681 57042 0629
7681 57042 0639
7681 57042 0673
7681 57042 0676
7681 57042 0678
7681 57042 0682
7681 57042 0693
7681 57042 0704
7681 57042 0768
7681 57042 0776
7681 57042 0799
7681 57042 0942
7681 57042 0945
7681 57042 0946
7681 57042 0955
7681 57042 0982
7682 57415 0042
7682 57415 0105
7682 57415 0196
7682 57415 0258
7682 57415 0329
7682 57415 0337
7682 57415 0357
7682 57415 0378
7682 57415 0392
7682 57415 0523
7682 57415 0573
7682 57415 0593
7682 57415 0604
7682 57415 0636
7682 57415 0652
7682 57415 0654
7682 57415 0698
7682 57415 0702
7682 57415 0730
7682 57415 0772
7682 57415 0880
7682 57415 0888
7682 57415 0922
7682 57415 0966
7682 57415 0986
7684 57286 0028
7684 57286 0120
7684 57286 0210
7684 57286 0212
7684 57286 0260
7684 57286 0325
7684 57286 0386
7684 57286 0390
7684 57286 0393
7684 57286 0404
7684 57286 0406
7684 57286 0455
7684 57286 0489
7684 57286 0512
7684 57286 0574
7684 57286 0614
7684 57286 0642
7684 57286 0734
7684 57286 0738
7684 57286 0789
7684 57286 0869
7684 57286 0888
7684 57286 0966
7684 57286 0984
7685 57062 0022
7685 57062 0050
7685 57062 0054
7685 57062 0066
7685 57062 0069
7685 57062 0188
7685 57062 0198
7685 57062 0212
7685 57062 0242
7685 57062 0248
7685 57062 0284
7685 57062 0300
7685 57062 0340
7685 57062 0380
7685 57062 0416
7685 57062 0430
7685 57062 0468
7685 57062 0502
7685 57062 0504
7685 57062 0506
7685 57062 0544
7685 57062 0552
7685 57062 0578
7685 57062 0600
7685 57062 0634
7685 57062 0668
7685 57062 0687
7685 57062 0715
7685 57062 0798
7685 57062 0818
7685 57062 0850
7685 57062 0862
7685 57062 0876
7685 57062 0892
7685 57062 0908
7685 57062 0972
7686 57015 0004
7686 57015 0036
7686 57015 0061
7686 57015 0274
7686 57015 0285
7686 57015 0290
7686 57015 0314
7686 57015 0346
7686 57015 0409
7686 57015 0439
7686 57015 0450
7686 57015 0472
7686 57015 0491
7686 57015 0583
7686 57015 0611
7686 57015 0648
7686 57015 0658
7686 57015 0718
7686 57015 0764
7686 57015 0848
7686 57015 0922
7686 57015 0938
7686 57015 0940
7687 57007 0162
7687 57007 0169
7687 57007 0184
7687 57007 0292
7687 57007 0296
7687 57007 0334
7687 57007 0380
7687 57007 0406
7687 57007 0467
7687 57007 0477
7687 57007 0498
7687 57007 0516
7687 57007 0532
7687 57007 0542
7687 57007 0543
7687 57007 0558
7687 57007 0601
7687 57007 0704
7687 57007 0712
7687 57007 0746
7687 57007 0762
7687 57007 0766
7687 57007 0776
7687 57007 0886
7687 57007 0928
7687 57007 0929
7687 57007 0956
7688 57360 0045
7688 57360 0070
7688 57360 0090
7688 57360 0138
7688 57360 0145
7688 57360 0180
7688 57360 0200
7688 57360 0218
7688 57360 0248
7688 57360 0285
7688 57360 0314
7688 57360 0320
7688 57360 0380
7688 57360 0402
7688 57360 0429
7688 57360 0498
7688 57360 0502
7688 57360 0596
7688 57360 0664
7688 57360 0693
7688 57360 0715
7688 57360 0792
7688 57360 0867
7688 57360 0876
7688 57360 0904
7688 57360 0910
7688 57360 0911
7688 57360 0942
7688 57360 0944
7690 57046 0100
7690 57046 0108
7690 57046 0162
7690 57046 0188
7690 57046 0233
7690 57046 0255
7690 57046 0303
7690 57046 0315
7690 57046 0344
7690 57046 0354
7690 57046 0355
7690 57046 0360
7690 57046 0380
7690 57046 0393
7690 57046 0412
7690 57046 0414
7690 57046 0442
7690 57046 0456
7690 57046 0492
7690 57046 0532
7690 57046 0586
7690 57046 0596
7690 57046 0598
7690 57046 0623
7690 57046 0654
7690 57046 0662
7690 57046 0728
7690 57046 0766
7690 57046 0770
7690 57046 0780
7690 57046 0802
7690 57046 0812
7690 57046 0947
7691 57040 0028
7691 57040 0150
7691 57040 0152
7691 57040 0165
7691 57040 0182
7691 57040 0201
7691 57040 0263
7691 57040 0302
7691 57040 0310
7691 57040 0311
7691 57040 0322
7691 57040 0324
7691 57040 0368
7691 57040 0373
7691 57040 0381
7691 57040 0430
7691 57040 0497
7691 57040 0508
7691 57040 0566
7691 57040 0567
7691 57040 0602
7691 57040 0604
7691 57040 0612
7691 57040 0710
7691 57040 0801
7691 57040 0816
7691 57040 0852
7691 57040 0898
7691 57040 0939
7691 57040 0951
7691 57040 0974
7691 57040 0998
7691 57360 0016
7691 57360 0150
7691 57360 0154
7691 57360 0161
7691 57360 0190
7691 57360 0205
7691 57360 0265
7691 57360 0302
7691 57360 0311
7691 57360 0314
7691 57360 0322
7691 57360 0326
7691 57360 0368
7691 57360 0369
7691 57360 0381
7691 57360 0432
7691 57360 0487
7691 57360 0526
7691 57360 0628
7691 57360 0640
7691 57360 0667
7691 57360 0668
7691 57360 0678
7691 57360 0696
7691 57360 0823
7691 57360 0834
7691 57360 0896
7691 57360 0917
7691 57360 0940
7691 57360 0966
7691 57360 0971
7691 57360 0998
7692 57064 0030
7692 57064 0118
7692 57064 0127
7692 57064 0138
7692 57064 0152
7692 57064 0158
7692 57064 0161
7692 57064 0165
7692 57064 0219
7692 57064 0256
7692 57064 0288
7692 57064 0326
7692 57064 0353
7692 57064 0444
7692 57064 0463
7692 57064 0472
7692 57064 0476
7692 57064 0535
7692 57064 0611
7692 57064 0618
7692 57064 0627
7692 57064 0740
7692 57064 0748
7692 57064 0755
7692 57064 0762
7692 57064 0791
7692 57064 0792
7692 57064 0899
7692 57064 0900
7692 57064 0922
7693 57361 0007
7693 57361 0035
7693 57361 0042
7693 57361 0048
7693 57361 0107
7693 57361 0128
7693 57361 0158
7693 57361 0230
7693 57361 0242
7693 57361 0261
7693 57361 0294
7693 57361 0400
7693 57361 0436
7693 57361 0446
7693 57361 0490
7693 57361 0505
7693 57361 0530
7693 57361 0605
7693 57361 0622
7693 57361 0643
7693 57361 0654
7693 57361 0665
7693 57361 0684
7693 57361 0720
7693 57361 0762
7693 57361 0763
7693 57361 0808
7693 57361 0850
7693 57361 0892
7693 57361 0919