8282 57041 0637
8282 57041 0676
8282 57041 0690
8282 57041 0692
8282 57041 0714
8282 57041 0782
8282 57041 0796
8282 57041 0800
8282 57041 0828
8282 57041 0840
8282 57041 0844
8282 57041 0864
8282 57041 0901
8282 57041 0972
8283 57064 0042
8283 57064 0096
8283 57064 0102
8283 57064 0116
8283 57064 0128
8283 57064 0175
8283 57064 0182
8283 57064 0213
8283 57064 0255
8283 57064 0308
8283 57064 0330
8283 57064 0335
8283 57064 0360
8283 57064 0379
8283 57064 0409
8283 57064 0412
8283 57064 0414
8283 57064 0434
8283 57064 0438
8283 57064 0481
8283 57064 0484
8283 57064 0513
8283 57064 0540
8283 57064 0594
8283 57064 0656
8283 57064 0667
8283 57064 0716
8283 57064 0729
8283 57064 0820
8283 57064 0918
8283 57064 0955
8283 57064 0963
8283 57064 0994
8284 57419 0018
8284 57419 0038
8284 57419 0039
8284 57419 0100
8284 57419 0115
8284 57419 0168
8284 57419 0170
8284 57419 0200
8284 57419 0233
8284 57419 0234
8284 57419 0266
8284 57419 0272
8284 57419 0297
8284 57419 0373
8284 57419 0480
8284 57419 0483
8284 57419 0505
8284 57419 0521
8284 57419 0522
8284 57419 0524
8284 57419 0552
8284 57419 0559
8284 57419 0587
8284 57419 0590
8284 57419 0636
8284 57419 0655
8284 57419 0662
8284 57419 0686
8284 57419 0696
8284 57419 0862
8284 57419 0896
8284 57419 0934
8284 57419 0953
8284 57419 0972
8285 57048 0002
8285 57048 0016
8285 57048 0018
8285 57048 0027
8285 57048 0036
8285 57048 0093
8285 57048 0094
8285 57048 0140
8285 57048 0151
8285 57048 0202
8285 57048 0225
8285 57048 0232
8285 57048 0234
8285 57048 0264
8285 57048 0280
8285 57048 0281
8285 57048 0322
8285 57048 0326
8285 57048 0340
8285 57048 0391
8285 57048 0486
8285 57048 0489
8285 57048 0492
8285 57048 0518
8285 57048 0530
8285 57048 0564
8285 57048 0582
8285 57048 0584
8285 57048 0590
8285 57048 0624
8285 57048 0644
8285 57048 0654
8285 57048 0676
8285 57048 0716
8285 57048 0752
8285 57048 0808
8285 57048 0812
8285 57048 0838
8285 57048 0850
8285 57048 0943
8285 57048 0985
8285 57048 0995
8286 57062 0006
8286 57062 0010
8286 57062 0064
8286 57062 0079
8286 57062 0099
8286 57062 0100
8286 57062 0156
8286 57062 0163
8286 57062 0165
8286 57062 0271
8286 57062 0278
8286 57062 0368
8286 57062 0377
8286 57062 0389
8286 57062 0437
8286 57062 0452
8286 57062 0542
8286 57062 0551
8286 57062 0561
8286 57062 0562
8286 57062 0579
8286 57062 0594
8286 57062 0636
8286 57062 0641
8286 57062 0652
8286 57062 0655
8286 57062 0656
8286 57062 0660
8286 57062 0669
8286 57062 0688
8286 57062 0737
8286 57062 0762
8286 57062 0813
8286 57062 0822
8286 57062 0854
8286 57062 0887
8286 57062 0914
8287 57401 0098
8287 57401 0109
8287 57401 0188
8287 57401 0232
8287 57401 0262
8287 57401 0276
8287 57401 0280
8287 57401 0348
8287 57401 0368
8287 57401 0388
8287 57401 0402
8287 57401 0432
8287 57401 0489
8287 57401 0506
8287 57401 0512
8287 57401 0542
8287 57401 0579
8287 57401 0602
8287 57401 0614
8287 57401 0640
8287 57401 0645
8287 57401 0744
8287 57401 0745
8287 57401 0770
8287 57401 0783
8287 57401 0818
8287 57401 0829
8287 57401 0830
8287 57401 0882
8287 57401 0958
8288 57419 0024
8288 57419 0034
8288 57419 0052
8288 57419 0074
8288 57419 0076
8288 57419 0095
8288 57419 0129
8288 57419 0142
8288 57419 0158
8288 57419 0186
8288 57419 0283
8288 57419 0287
8288 57419 0290
8288 57419 0298
8288 57419 0357
8288 57419 0450
8288 57419 0598
8288 57419 0609
8288 57419 0610
8288 57419 0637
8288 57419 0708
8288 57419 0733
8288 57419 0734
8288 57419 0781
8288 57419 0785
8288 57419 0788
8288 57419 0812
8288 57419 0815
8288 57419 0817
8288 57419 0825
8288 57419 0846
8288 57419 0970
8290 57364 0016
8290 57364 0037
8290 57364 0150
8290 57364 0180
8290 57364 0210
8290 57364 0240
8290 57364 0254
8290 57364 0256
8290 57364 0293
8290 57364 0296
8290 57364 0313
8290 57364 0329
8290 57364 0336
8290 57364 0420
8290 57364 0427
8290 57364 0432
8290 57364 0460
8290 57364 0550
8290 57364 0562
8290 57364 0661
8290 57364 0664
8290 57364 0697
8290 57364 0708
8290 57364 0728
8290 57364 0750
8290 57364 0752
8290 57364 0770
8290 57364 0774
8290 57364 0790
8290 57364 0858
8290 57364 0862
8290 57364 0892
8290 57364 0913
8290 57364 0976
8290 57364 0980
8291 57391 0082
8291 57391 0094
8291 57391 0120
8291 57391 0137
8291 57391 0200
8291 57391 0228
8291 57391 0246
8291 57391 0265
8291 57391 0284
8291 57391 0308
8291 57391 0318
8291 57391 0388
8291 57391 0392
8291 57391 0395
8291 57391 0402
8291 57391 0414
8291 57391 0458
8291 57391 0498
8291 57391 0566
8291 57391 0581
8291 57391 0582
8291 57391 0599
8291 57391 0624
8291 57391 0638
8291 57391 0641
8291 57391 0680
8291 57391 0685
8291 57391 0734
8291 57391 0759
8291 57391 0800
8291 57391 0818
8291 57391 0865
8291 57391 0985
8292 57373 0003
8292 57373 0070
8292 57373 0075
8292 57373 0110
8292 57373 0255
8292 57373 0263
8292 57373 0264
8292 57373 0364
8292 57373 0436
8292 57373 0498
8292 57373 0528
8292 57373 0637
8292 57373 0661
8292 57373 0703
8292 57373 0722
8292 57373 0730
8292 57373 0736
8292 57373 0792
8292 57373 0799
8292 57373 0852
8292 57373 0854
8292 57373 0863
8292 57373 0869
8292 57373 0872
8292 57373 0936
8292 57373 0956
8292 57373 0968
8292 57373 0970
8292 57373 0983
8292 57373 0996
8293 57361 0062
8293 57361 0069
8293 57361 0095
8293 57361 0124
8293 57361 0136
8293 57361 0171
8293 57361 0177
8293 57361 0180
8293 57361 0184
8293 57361 0218
8293 57361 0269
8293 57361 0300
8293 57361 0330
8293 57361 0343
8293 57361 0348
8293 57361 0349
8293 57361 0358
8293 57361 0427
8293 57361 0444
8293 57361 0470
8293 57361 0482
8293 57361 0504
8293 57361 0525
8293 57361 0564
8293 57361 0566
8293 57361 0574
8293 57361 0674
8293 57361 0684
8293 57361 0687
8293 57361 0698
8293 57361 0706
8293 57361 0736
8293 57361 0810
8293 57361 0818
8293 57361 0860
8293 57361 0894
8293 57361 0904
8293 57361 0936
8293 57361 0940
8294 57365 0014
8294 57365 0026
8294 57365 0030
8294 57365 0050
8294 57365 0112
8294 57365 0160
8294 57365 0188
8294 57365 0224
8294 57365 0306
8294 57365 0320
8294 57365 0368
8294 57365 0387
8294 57365 0394
8294 57365 0412
8294 57365 0444
8294 57365 0511
8294 57365 0561
8294 57365 0632
8294 57365 0650
8294 57365 0652
8294 57365 0692
8294 57365 0700
8294 57365 0706
8294 57365 0720
8294 57365 0724
8294 57365 0784
8294 57365 0866
8294 57365 0878
8294 57365 0916
8294 57365 0958
8295 57401 0026
8295 57401 0106
8295 57401 0112
8295 57401 0146
8295 57401 0158
8295 57401 0203
8295 57401 0217
8295 57401 0239
8295 57401 0256
8295 57401 0270
8295 57401 0322
8295 57401 0326
8295 57401 0372
8295 57401 0378
8295 57401 0398
8295 57401 0414
8295 57401 0439
8295 57401 0484
8295 57401 0557
8295 57401 0589
8295 57401 0624
8295 57401 0642
8295 57401 0666
8295 57401 0707
8295 57401 0736
8295 57401 0741
8295 57401 0778
8295 57401 0802
8295 57401 0812
8295 57401 0829
8295 57401 0880
8295 57401 0952
8296 57375 0024
8296 57375 0043
8296 57375 0126
8296 57375 0127
8296 57375 0230
8296 57375 0291
8296 57375 0363
8296 57375 0494
8296 57375 0606
8296 57375 0625
8296 57375 0636
8296 57375 0688
8296 57375 0691
8296 57375 0698
8296 57375 0706
8296 57375 0710
8296 57375 0720
8296 57375 0760
8296 57375 0762
8296 57375 0769
8296 57375 0776
8296 57375 0784
8296 57375 0804
8296 57375 0810
8296 57375 0826
8296 57375 0886
8296 57375 0898
8296 57375 0900
8296 57375 0910
8296 57375 0982
8296 57375 0994
8297 57416 0068
8297 57416 0092
8297 57416 0102
8297 57416 0190
8297 57416 0192
8297 57416 0232
8297 57416 0248
8297 57416 0259
8297 57416 0260
8297 57416 0284
8297 57416 0306
8297 57416 0314
8297 57416 0327
8297 57416 0364
8297 57416 0373
8297 57416 0440
8297 57416 0452
8297 57416 0488
8297 57416 0494
8297 57416 0526
8297 57416 0600
8297 57416 0618
8297 57416 0620
8297 57416 0634
8297 57416 0900
8297 57416 0947
8298 57390 0028
8298 57390 0076
8298 57390 0112
8298 57390 0122
8298 57390 0124
8298 57390 0192
8298 57390 0230
8298 57390 0258
8298 57390 0263
8298 57390 0442
8298 57390 0443
8298 57390 0462
8298 57390 0486
8298 57390 0564
8298 57390 0584
8298 57390 0587
8298 57390 0592
8298 57390 0596
8298 57390 0604
8298 57390 0608
8298 57390 0610
8298 57390 0614
8298 57390 0666
8298 57390 0675
8298 57390 0703
8298 57390 0715
8298 57390 0748
8298 57390 0793
8298 57390 0800
8298 57390 0806
8298 57390 0807
8298 57390 0957
8299 57346 0044
8299 57346 0126
8299 57346 0136
8299 57346 0138
8299 57346 0184
8299 57346 0208
8299 57346 0221
8299 57346 0240
8299 57346 0294
8299 57346 0345
8299 57346 0368
8299 57346 0369
8299 57346 0404
8299 57346 0422
8299 57346 0441
8299 57346 0455
8299 57346 0470
8299 57346 0476
8299 57346 0559
8299 57346 0569
8299 57346 0593
8299 57346 0594
8299 57346 0598
8299 57346 0601
8299 57346 0630
8299 57346 0634
8299 57346 0862
8299 57346 0886
8299 57346 0912
8299 57346 0950
8299 57346 0987
8300 57391 0008
8300 57391 0027
8300 57391 0062
8300 57391 0103
8300 57391 0140
8300 57391 0298
8300 57391 0306
8300 57391 0326
8300 57391 0338
8300 57391 0358
8300 57391 0366
8300 57391 0392
8300 57391 0408
8300 57391 0410
8300 57391 0483
8300 57391 0558
8300 57391 0559
8300 57391 0650
8300 57391 0706
8300 57391 0715
8300 57391 0763
8300 57391 0818
8300 57391 0944
8300 57391 0969
8300 57391 0998
8301 57390 0060
8301 57390 0074
8301 57390 0147
8301 57390 0168
8301 57390 0183
8301 57390 0240
8301 57390 0259
8301 57390 0262
8301 57390 0310
8301 57390 0366
8301 57390 0407
8301 57390 0436
8301 57390 0442
8301 57390 0502
8301 57390 0536
8301 57390 0592
8301 57390 0680
8301 57390 0716
8301 57390 0719
8301 57390 0720
8301 57390 0721
8301 57390 0776
8301 57390 0791
8301 57390 0826
8301 57390 0830
8301 57390 0836
8301 57390 0864
8301 57390 0875
8301 57390 0884
8301 57390 0985
8301 57390 0997
8302 57389 0022
8302 57389 0026
8302 57389 0063
8302 57389 0076
8302 57389 0097
8302 57389 0140
8302 57389 0168
8302 57389 0171
8302 57389 0199
8302 57389 0214
8302 57389 0224
8302 57389 0259
8302 57389 0306
8302 57389 0324
8302 57389 0342
8302 57389 0352
8302 57389 0370
8302 57389 0458
8302 57389 0496
8302 57389 0500
8302 57389 0544
8302 57389 0558
8302 57389 0575
8302 57389 0584
8302 57389 0628
8302 57389 0641
8302 57389 0650
8302 57389 0657
8302 57389 0680
8302 57389 0784
8302 57389 0794
8302 57389 0820
8302 57389 0928
8302 57389 0931
8302 57389 0951
8302 57389 0952
8302 57389 0970
8302 57389 0975
8306 57419 0060
8306 57419 0098
8306 57419 0118
8306 57419 0136
8306 57419 0184
8306 57419 0222
8306 57419 0278
8306 57419 0287
8306 57419 0289
8306 57419 0316
8306 57419 0369
8306 57419 0380
8306 57419 0386
8306 57419 0400
8306 57419 0418
8306 57419 0437
8306 57419 0508
8306 57419 0510
8306 57419 0537
8306 57419 0566
8306 57419 0584
8306 57419 0588
8306 57419 0612
8306 57419 0646
8306 57419 0654
8306 57419 0665
8306 57419 0697
8306 57419 0710
8306 57419 0732
8306 57419 0738
8306 57419 0762
8306 57419 0774
8306 57419 0858
8306 57419 0882
8306 57419 0909
8306 57419 0946
8308 57417 0005
8308 57417 0036
8308 57417 0042
8308 57417 0075
8308 57417 0127
8308 57417 0130
8308 57417 0256
8308 57417 0296
8308 57417 0332
8308 57417 0382
8308 57417 0396
8308 57417 0418
8308 57417 0458
8308 57417 0468
8308 57417 0480
8308 57417 0501
8308 57417 0502
8308 57417 0515
8308 57417 0529
8308 57417 0532
8308 57417 0544
8308 57417 0550
8308 57417 0552
8308 57417 0567
8308 57417 0570
8308 57417 0576
8308 57417 0580
8308 57417 0586
8308 57417 0590
8308 57417 0620
8308 57417 0652
8308 57417 0694
8308 57417 0702
8308 57417 0746
8308 57417 0793
8308 57417 0818
8308 57417 0867
8308 57417 0900
8308 57417 0916
8308 57417 0926
8308 57417 0940
8308 57417 0948
8308 57417 0986
8358 57451 0111
8358 57451 0128
8358 57451 0169
8358 57451 0179
8358 57451 0315
8358 57451 0316
8358 57451 0340
8358 57451 0420
8358 57451 0444
8358 57451 0470
8358 57451 0472
8358 57451 0624
8358 57451 0634
8358 57451 0752
8358 57451 0835
8358 57451 0861
8358 57451 0982
8358 57451 0989
8359 57449 0044
8359 57449 0052
8359 57449 0067
8359 57449 0105
8359 57449 0106
8359 57449 0130
8359 57449 0152
8359 57449 0218
8359 57449 0242
8359 57449 0250
8359 57449 0280
8359 57449 0294
8359 57449 0304
8359 57449 0358
8359 57449 0412
8359 57449 0528
8359 57449 0592
8359 57449 0600
8359 57449 0772
8359 57449 0868
8359 57449 0878
8359 57449 0892
8359 57449 0937
8359 57449 0982
8359 57449 0996
8360 57452 0017
8360 57452 0056
8360 57452 0070
8360 57452 0116
8360 57452 0120
8360 57452 0214
8360 57452 0250
8360 57452 0298
8360 57452 0326
8360 57452 0428
8360 57452 0434
8360 57452 0478
8360 57452 0480
8360 57452 0535
8360 57452 0601
8360 57452 0620
8360 57452 0684
8360 57452 0730
8360 57452 0914
8360 57452 0941
8360 57452 0963
8360 57452 0969
8360 57452 0977
8365 57450 0007
8365 57450 0089
8365 57450 0224
8365 57450 0234
8365 57450 0235
8365 57450 0236
8365 57450 0237
8365 57450 0239
8365 57450 0270
8365 57450 0481
8365 57450 0496
8365 57450 0548
8365 57450 0554
8365 57450 0560
8365 57450 0576
8365 57450 0581
8365 57450 0599
8365 57450 0620
8365 57450 0637
8365 57450 0642
8365 57450 0652
8365 57450 0654
8365 57450 0662
8365 57450 0668
8365 57450 0673
8365 57450 0691
8365 57450 0724
8365 57450 0727
8365 57450 0729
8365 57450 0732
8365 57450 0747
8365 57450 0766
8365 57450 0779
8365 57450 0802
8365 57450 0844
8365 57450 0912
8365 57450 0933
8365 57450 0962
8366 57432 0103
8366 57432 0117
8366 57432 0126
8366 57432 0168
8366 57432 0176
8366 57432 0214
8366 57432 0240
8366 57432 0264
8366 57432 0292
8366 57432 0334
8366 57432 0342
8366 57432 0344
8366 57432 0382
8366 57432 0406
8366 57432 0432
8366 57432 0440
8366 57432 0470
8366 57432 0499
8366 57432 0500
8366 57432 0512
8366 57432 0524
8366 57432 0545
8366 57432 0548
8366 57432 0558
8366 57432 0569
8366 57432 0570
8366 57432 0572
8366 57432 0578
8366 57432 0682
8366 57432 0724
8366 57432 0727
8366 57432 0728
8366 57432 0768
8366 57432 0906
8366 57432 0950
8366 57432 0966
8366 57432 0986
8367 57429 0040
8367 57429 0072
8367 57429 0088
8367 57429 0094
8367 57429 0158
8367 57429 0212
8367 57429 0248
8367 57429 0284
8367 57429 0298
8367 57429 0321
8367 57429 0360
8367 57429 0370
8367 57429 0372
8367 57429 0496
8367 57429 0499
8367 57429 0506
8367 57429 0510
8367 57429 0555
8367 57429 0556
8367 57429 0712
8367 57429 0794
8367 57429 0814
8367 57429 0856
8367 57429 0865
8367 57429 0903
8367 57429 0912
8367 57429 0924
8367 57429 0928
8367 57429 0939
8368 57431 0006
8368 57431 0008
8368 57431 0024
8368 57431 0100
8368 57431 0102
8368 57431 0112
8368 57431 0154
8368 57431 0200
8368 57431 0217
8368 57431 0218
8368 57431 0262
8368 57431 0272
8368 57431 0357
8368 57431 0388
8368 57431 0392
8368 57431 0413
8368 57431 0420
8368 57431 0489
8368 57431 0515
8368 57431 0526
8368 57431 0633
8368 57431 0662
8368 57431 0664
8368 57431 0724
8368 57431 0754
8368 57431 0762
8368 57431 0774
8368 57431 0804
8368 57431 0813
8368 57431 0848
8368 57431 0856
8368 57431 0887
8368 57431 0890
8368 57431 0892
8368 57431 0909
8368 57431 0915
8368 57431 0916
8368 57431 0925
8368 57431 0941
8368 57431 0945
8368 57431 0950
8368 57431 0955
8369 57451 0030
8369 57451 0042
8369 57451 0126
8369 57451 0150
8369 57451 0168
8369 57451 0181
8369 57451 0214
8369 57451 0298
8369 57451 0329
8369 57451 0352
8369 57451 0357
8369 57451 0359
8369 57451 0414
8369 57451 0444
8369 57451 0532
8369 57451 0570
8369 57451 0585
8369 57451 0596
8369 57451 0599
8369 57451 0726
8369 57451 0733
8369 57451 0768
8369 57451 0821
8369 57451 0823
8369 57451 0866
8369 57451 0883
8369 57451 0904
8369 57451 0914
8369 57451 0966
8370 57520 0036
8370 57520 0062
8370 57520 0086
8370 57520 0092
8370 57520 0093
8370 57520 0100
8370 57520 0108
8370 57520 0123
8370 57520 0124
8370 57520 0125
8370 57520 0127
8370 57520 0129
8370 57520 0154
8370 57520 0209
8370 57520 0216
8370 57520 0256
8370 57520 0320
8370 57520 0363
8370 57520 0396
8370 57520 0451
8370 57520 0462
8370 57520 0562
8370 57520 0571
8370 57520 0681
8370 57520 0684
8370 57520 0692
8370 57520 0713
8370 57520 0755
8370 57520 0761
8370 57520 0797
8370 57520 0810
8370 57520 0812
8370 57520 0954
8370 57520 0970
8375 57520 0005
8375 57520 0012
8375 57520 0024
8375 57520 0040
8375 57520 0052
8375 57520 0053
8375 57520 0115
8375 57520 0204
8375 57520 0240
8375 57520 0286
8375 57520 0304
8375 57520 0314
