8375 57520 0320
8375 57520 0362
8375 57520 0492
8375 57520 0503
8375 57520 0600
8375 57520 0625
8375 57520 0628
8375 57520 0673
8375 57520 0735
8375 57520 0756
8375 57520 0758
8375 57520 0846
8375 57520 0992
8380 57520 0008
8380 57520 0072
8380 57520 0078
8380 57520 0151
8380 57520 0155
8380 57520 0196
8380 57520 0226
8380 57520 0276
8380 57520 0348
8380 57520 0360
8380 57520 0362
8380 57520 0373
8380 57520 0386
8380 57520 0456
8380 57520 0480
8380 57520 0485
8380 57520 0492
8380 57520 0496
8380 57520 0530
8380 57520 0621
8380 57520 0631
8380 57520 0641
8380 57520 0645
8380 57520 0650
8380 57520 0746
8380 57520 0773
8380 57520 0842
8380 57520 0852
8380 57520 0930
8380 57520 0954
8380 57520 0970
8380 57520 0986
8381 57512 0042
8381 57512 0048
8381 57512 0164
8381 57512 0226
8381 57512 0314
8381 57512 0368
8381 57512 0409
8381 57512 0412
8381 57512 0429
8381 57512 0430
8381 57512 0434
8381 57512 0437
8381 57512 0440
8381 57512 0470
8381 57512 0493
8381 57512 0494
8381 57512 0496
8381 57512 0518
8381 57512 0535
8381 57512 0550
8381 57512 0575
8381 57512 0584
8381 57512 0585
8381 57512 0658
8381 57512 0728
8381 57512 0755
8381 57512 0832
8381 57512 0834
8381 57512 0898
8381 57512 0902
8381 57512 0942
8381 57512 0944
8381 57512 0970
8381 57512 0988
8381 57512 0992
8382 57513 0045
8382 57513 0100
8382 57513 0142
8382 57513 0150
8382 57513 0158
8382 57513 0170
8382 57513 0188
8382 57513 0222
8382 57513 0253
8382 57513 0260
8382 57513 0286
8382 57513 0310
8382 57513 0442
8382 57513 0448
8382 57513 0460
8382 57513 0576
8382 57513 0616
8382 57513 0618
8382 57513 0648
8382 57513 0650
8382 57513 0668
8382 57513 0690
8382 57513 0704
8382 57513 0710
8382 57513 0718
8382 57513 0741
8382 57513 0748
8382 57513 0786
8382 57513 0789
8382 57513 0791
8382 57513 0898
8382 57513 0935
8383 57518 0092
8383 57518 0122
8383 57518 0179
8383 57518 0195
8383 57518 0198
8383 57518 0216
8383 57518 0232
8383 57518 0236
8383 57518 0252
8383 57518 0260
8383 57518 0281
8383 57518 0310
8383 57518 0317
8383 57518 0334
8383 57518 0342
8383 57518 0428
8383 57518 0432
8383 57518 0433
8383 57518 0499
8383 57518 0528
8383 57518 0582
8383 57518 0596
8383 57518 0606
8383 57518 0614
8383 57518 0636
8383 57518 0653
8383 57518 0902
8383 57518 0912
8383 57518 0917
8383 57518 0947
8383 57518 0956
8383 57518 0988
8384 57513 0114
8384 57513 0138
8384 57513 0148
8384 57513 0159
8384 57513 0214
8384 57513 0215
8384 57513 0216
8384 57513 0218
8384 57513 0243
8384 57513 0246
8384 57513 0247
8384 57513 0249
8384 57513 0256
8384 57513 0402
8384 57513 0489
8384 57513 0499
8384 57513 0503
8384 57513 0506
8384 57513 0508
8384 57513 0545
8384 57513 0556
8384 57513 0560
8384 57513 0568
8384 57513 0754
8384 57513 0773
8384 57513 0776
8384 57513 0800
8384 57513 0857
8384 57513 0860
8384 57513 0869
8384 57513 0882
8384 57513 0893
8384 57513 0932
8384 57513 0953
8384 57513 0989
8384 57513 0990
8385 57511 0001
8385 57511 0052
8385 57511 0062
8385 57511 0074
8385 57511 0081
8385 57511 0108
8385 57511 0232
8385 57511 0261
8385 57511 0267
8385 57511 0297
8385 57511 0306
8385 57511 0313
8385 57511 0314
8385 57511 0363
8385 57511 0439
8385 57511 0450
8385 57511 0526
8385 57511 0559
8385 57511 0581
8385 57511 0652
8385 57511 0658
8385 57511 0709
8385 57511 0753
8385 57511 0760
8385 57511 0787
8385 57511 0816
8385 57511 0857
8385 57511 0988
8386 57518 0016
8386 57518 0071
8386 57518 0221
8386 57518 0225
8386 57518 0230
8386 57518 0251
8386 57518 0266
8386 57518 0345
8386 57518 0346
8386 57518 0379
8386 57518 0398
8386 57518 0399
8386 57518 0411
8386 57518 0481
8386 57518 0505
8386 57518 0754
8386 57518 0756
8386 57518 0758
8386 57518 0778
8386 57518 0785
8386 57518 0824
8386 57518 0834
8386 57518 0870
8386 57518 0971
8387 57483 0012
8387 57483 0131
8387 57483 0149
8387 57483 0220
8387 57483 0268
8387 57483 0359
8387 57483 0388
8387 57483 0433
8387 57483 0556
8387 57483 0648
8387 57483 0685
8387 57483 0694
8387 57483 0700
8387 57483 0722
8387 57483 0770
8387 57483 0776
8387 57483 0777
8387 57483 0810
8387 57483 0816
8387 57483 0818
8387 57483 0819
8387 57483 0822
8387 57483 0824
8387 57483 0898
8387 57483 0908
8387 57483 0932
8387 57483 0956
8387 57483 0958
8387 57483 0967
8387 57483 0972
8387 57483 0994
8388 57488 0024
8388 57488 0028
8388 57488 0048
8388 57488 0130
8388 57488 0249
8388 57488 0280
8388 57488 0282
8388 57488 0456
8388 57488 0458
8388 57488 0508
8388 57488 0556
8388 57488 0562
8388 57488 0606
8388 57488 0615
8388 57488 0620
8388 57488 0652
8388 57488 0670
8388 57488 0677
8388 57488 0710
8388 57488 0724
8388 57488 0729
8388 57488 0762
8388 57488 0773
8388 57488 0790
8388 57488 0814
8388 57488 0842
8388 57488 0887
8388 57488 0985
8389 57488 0184
8389 57488 0187
8389 57488 0224
8389 57488 0250
8389 57488 0312
8389 57488 0315
8389 57488 0335
8389 57488 0343
8389 57488 0361
8389 57488 0384
8389 57488 0395
8389 57488 0407
8389 57488 0432
8389 57488 0434
8389 57488 0436
8389 57488 0437
8389 57488 0438
8389 57488 0502
8389 57488 0586
8389 57488 0625
8389 57488 0684
8389 57488 0702
8389 57488 0720
8389 57488 0721
8389 57488 0794
8389 57488 0845
8389 57488 0856
8389 57488 0893
8389 57488 0943
8389 57488 0963
8389 57488 0996
8389 57488 0997
8390 57485 0002
8390 57485 0040
8390 57485 0060
8390 57485 0121
8390 57485 0214
8390 57485 0218
8390 57485 0237
8390 57485 0312
8390 57485 0318
8390 57485 0344
8390 57485 0364
8390 57485 0366
8390 57485 0460
8390 57485 0505
8390 57485 0585
8390 57485 0642
8390 57485 0653
8390 57485 0668
8390 57485 0669
8390 57485 0675
8390 57485 0692
8390 57485 0743
8390 57485 0744
8390 57485 0746
8390 57485 0881
8390 57485 0971
8391 57511 0120
8391 57511 0145
8391 57511 0151
8391 57511 0209
8391 57511 0214
8391 57511 0229
8391 57511 0235
8391 57511 0355
8391 57511 0392
8391 57511 0402
8391 57511 0406
8391 57511 0412
8391 57511 0584
8391 57511 0666
8391 57511 0702
8391 57511 0710
8391 57511 0746
8391 57511 0784
8391 57511 0814
8391 57511 0848
8391 57511 0963
8391 57511 0968
8391 57511 0991
8391 57511 0995
8391 57511 0998
8392 57483 0052
8392 57483 0062
8392 57483 0109
8392 57483 0116
8392 57483 0196
8392 57483 0225
8392 57483 0246
8392 57483 0468
8392 57483 0517
8392 57483 0566
8392 57483 0653
8392 57483 0691
8392 57483 0698
8392 57483 0740
8392 57483 0754
8392 57483 0759
8392 57483 0834
8392 57483 0835
8392 57483 0914
8392 57483 0936
8397 57482 0062
8397 57482 0082
8397 57482 0126
8397 57482 0209
8397 57482 0213
8397 57482 0268
8397 57482 0366
8397 57482 0421
8397 57482 0422
8397 57482 0426
8397 57482 0427
8397 57482 0444
8397 57482 0454
8397 57482 0456
8397 57482 0463
8397 57482 0479
8397 57482 0498
8397 57482 0609
8397 57482 0616
8397 57482 0620
8397 57482 0624
8397 57482 0628
8397 57482 0632
8397 57482 0636
8397 57482 0654
8397 57482 0667
8397 57482 0780
8397 57482 0796
8397 57482 0816
8397 57482 0819
8397 57482 0824
8397 57482 0844
8397 57482 0866
8397 57482 0874
8397 57482 0900
8397 57482 0924
8397 57482 0961
8397 57482 0980
8397 57482 0983
8397 57482 0995
8397 57482 1000
8401 57482 0140
8401 57482 0142
8401 57482 0143
8401 57482 0158
8401 57482 0171
8401 57482 0184
8401 57482 0204
8401 57482 0209
8401 57482 0228
8401 57482 0254
8401 57482 0270
8401 57482 0276
8401 57482 0278
8401 57482 0298
8401 57482 0346
8401 57482 0360
8401 57482 0374
8401 57482 0394
8401 57482 0398
8401 57482 0414
8401 57482 0478
8401 57482 0488
8401 57482 0535
8401 57482 0542
8401 57482 0559
8401 57482 0592
8401 57482 0596
8401 57482 0600
8401 57482 0628
8401 57482 0630
8401 57482 0634
8401 57482 0664
8401 57482 0670
8401 57482 0676
8401 57482 0744
8401 57482 0810
8401 57482 0814
8401 57482 0831
8401 57482 0832
8401 57482 0865
8401 57482 0916
8401 57482 0959
8404 57481 0024
8404 57481 0053
8404 57481 0065
8404 57481 0077
8404 57481 0079
8404 57481 0105
8404 57481 0118
8404 57481 0120
8404 57481 0129
8404 57481 0146
8404 57481 0180
8404 57481 0187
8404 57481 0190
8404 57481 0204
8404 57481 0288
8404 57481 0298
8404 57481 0318
8404 57481 0340
8404 57481 0344
8404 57481 0414
8404 57481 0449
8404 57481 0482
8404 57481 0502
8404 57481 0522
8404 57481 0554
8404 57481 0572
8404 57481 0600
8404 57481 0630
8404 57481 0680
8404 57481 0793
8404 57481 0808
8404 57481 0818
8404 57481 0864
8404 57481 0866
8404 57481 0879
8404 57481 0891
8404 57481 0896
8404 57481 0900
8404 57481 0926
8404 57481 0966
8406 57513 0002
8406 57513 0004
8406 57513 0008
8406 57513 0020
8406 57513 0023
8406 57513 0046
8406 57513 0057
8406 57513 0105
8406 57513 0152
8406 57513 0188
8406 57513 0189
8406 57513 0196
8406 57513 0300
8406 57513 0312
8406 57513 0349
8406 57513 0360
8406 57513 0382
8406 57513 0386
8406 57513 0442
8406 57513 0481
8406 57513 0516
8406 57513 0539
8406 57513 0630
8406 57513 0668
8406 57513 0689
8406 57513 0738
8406 57513 0744
8406 57513 0756
8406 57513 0780
8406 57513 0854
8406 57513 0906
8410 57481 0006
8410 57481 0012
8410 57481 0101
8410 57481 0130
8410 57481 0134
8410 57481 0142
8410 57481 0256
8410 57481 0348
8410 57481 0361
8410 57481 0426
8410 57481 0437
8410 57481 0460
8410 57481 0464
8410 57481 0506
8410 57481 0529
8410 57481 0566
8410 57481 0731
8410 57481 0741
8410 57481 0768
8410 57481 0773
8410 57481 0804
8410 57481 0848
8410 57481 0914
8410 57481 0929
8410 57481 0940
8410 57481 0992
8430 57488 0060
8430 57488 0062
8430 57488 0109
8430 57488 0148
8430 57488 0150
8430 57488 0162
8430 57488 0237
8430 57488 0248
8430 57488 0282
8430 57488 0301
8430 57488 0319
8430 57488 0332
8430 57488 0342
8430 57488 0346
8430 57488 0355
8430 57488 0357
8430 57488 0359
8430 57488 0360
8430 57488 0366
8430 57488 0425
8430 57488 0602
8430 57488 0639
8430 57488 0735
8430 57488 0738
8430 57488 0766
8430 57488 0795
8430 57488 0796
8430 57488 0803
8430 57488 0818
8430 57488 0848
8430 57488 0877
8430 57488 0878
8430 57488 0930
8430 57488 0967
8430 57488 0987
8430 57488 0989
8431 57482 0036
8431 57482 0040
8431 57482 0088
8431 57482 0215
8431 57482 0232
8431 57482 0278
8431 57482 0298
8431 57482 0304
8431 57482 0316
8431 57482 0338
8431 57482 0350
8431 57482 0367
8431 57482 0372
8431 57482 0388
8431 57482 0474
8431 57482 0524
8431 57482 0550
8431 57482 0566
8431 57482 0572
8431 57482 0638
8431 57482 0640
8431 57482 0680
8431 57482 0694
8431 57482 0708
8431 57482 0717
8431 57482 0722
8431 57482 0734
8431 57482 0755
8431 57482 0760
8431 57482 0772
8431 57482 0811
8431 57482 0820
8431 57482 0837
8431 57482 0867
8431 57482 0896
8431 57482 0918
8431 57482 0926
8431 57482 0970
8433 57488 0006
8433 57488 0026
8433 57488 0073
8433 57488 0074
8433 57488 0084
8433 57488 0131
8433 57488 0210
8433 57488 0215
8433 57488 0247
8433 57488 0269
8433 57488 0281
8433 57488 0294
8433 57488 0295
8433 57488 0301
8433 57488 0308
8433 57488 0352
8433 57488 0360
8433 57488 0397
8433 57488 0412
8433 57488 0432
8433 57488 0458
8433 57488 0471
8433 57488 0517
8433 57488 0566
8433 57488 0590
8433 57488 0602
8433 57488 0616
8433 57488 0649
8433 57488 0651
8433 57488 0658
8433 57488 0662
8433 57488 0734
8433 57488 0774
8433 57488 0854
8433 57488 0858
8433 57488 0882
8433 57488 0967
8433 57488 0968
8433 57488 0973
8433 57488 0978
8433 57488 0980
8434 57484 0005
8434 57484 0049
8434 57484 0058
8434 57484 0136
8434 57484 0162
8434 57484 0188
8434 57484 0207
8434 57484 0210
8434 57484 0348
8434 57484 0352
8434 57484 0382
8434 57484 0568
8434 57484 0580
8434 57484 0700
8434 57484 0735
8434 57484 0754
8434 57484 0757
8434 57484 0759
8434 57484 0767
8434 57484 0784
8435 57487 0032
8435 57487 0064
8435 57487 0080
8435 57487 0184
8435 57487 0186
8435 57487 0196
8435 57487 0216
8435 57487 0226
8435 57487 0227
8435 57487 0229
8435 57487 0231
8435 57487 0279
8435 57487 0373
8435 57487 0412
8435 57487 0466
8435 57487 0506
8435 57487 0512
8435 57487 0534
8435 57487 0559
8435 57487 0586
8435 57487 0589
8435 57487 0705
8435 57487 0715
8435 57487 0716
8435 57487 0743
8435 57487 0749
8435 57487 0750
8435 57487 0754
8435 57487 0758
8435 57487 0770
8435 57487 0783
8435 57487 0810
8435 57487 0842
8435 57487 0859
8435 57487 0868
8435 57487 0869
8435 57487 0936
8435 57487 0965
8435 57487 0968
8435 57487 0985
8435 57487 0986
8435 57487 0987
8489 57483 0025
8489 57483 0072
8489 57483 0086
8489 57483 0104
8489 57483 0189
8489 57483 0220
8489 57483 0232
8489 57483 0241
8489 57483 0354
8489 57483 0382
8489 57483 0392
8489 57483 0520
8489 57483 0585
8489 57483 0588
8489 57483 0594
8489 57483 0624
8489 57483 0687
8489 57483 0700
8489 57483 0720
8489 57483 0739
8489 57483 0748
8489 57483 0783
8489 57483 0790
8489 57483 0798
8489 57483 0818
8489 57483 0824
8489 57483 0872
8489 57483 0879
8489 57483 0893
8489 57483 0903
8489 57483 0917
8490 57104 0086
8490 57104 0101
8490 57104 0276
8490 57104 0290
8490 57104 0308
8490 57104 0309
8490 57104 0319
8490 57104 0334
8490 57104 0345
8490 57104 0375
8490 57104 0399
8490 57104 0463
8490 57104 0467
8490 57104 0468
8490 57104 0576
8490 57104 0610
8490 57104 0628
8490 57104 0638
8490 57104 0690
8490 57104 0701
8490 57104 0714
8490 57104 0716
8490 57104 0752
8490 57104 0769
8490 57104 0801
8490 57104 0807
8490 57104 0810
8490 57104 0836
8490 57104 0868
8490 57104 0901
8490 57104 0914
8490 57104 0961
8491 57488 0066
8491 57488 0162
8491 57488 0180
8491 57488 0182
8491 57488 0205
8491 57488 0220
8491 57488 0224
8491 57488 0225
8491 57488 0266
8491 57488 0284
8491 57488 0370
8491 57488 0468
8491 57488 0470
8491 57488 0487
8491 57488 0533
8491 57488 0632
8491 57488 0637
8491 57488 0654
8491 57488 0680
8491 57488 0722
8491 57488 0734
8491 57488 0768
8491 57488 0792
8491 57488 0794
8491 57488 0802
8491 57488 0808
8491 57488 0834
8491 57488 0851
8491 57488 0870
8491 57488 0888
8491 57488 0916
8491 57488 0942
8491 57488 0987
8494 57104 0004
8494 57104 0020
8494 57104 0026
8494 57104 0076
8494 57104 0084
8494 57104 0085
8494 57104 0087
8494 57104 0099
8494 57104 0182
8494 57104 0197
8494 57104 0216
8494 57104 0226
8494 57104 0245
8494 57104 0262
8494 57104 0282
8494 57104 0283
8494 57104 0284
8494 57104 0318
8494 57104 0332
8494 57104 0373
8494 57104 0374
8494 57104 0405
8494 57104 0418
8494 57104 0419
8494 57104 0494
8494 57104 0519
8494 57104 0544
8494 57104 0592
8494 57104 0642
8494 57104 0713
8494 57104 0746
8494 57104 0760
8494 57104 0790
8494 57104 0797
8494 57104 0843
8494 57104 0850
8494 57104 0945
8495 57481 0014
8495 57481 0048
8495 57481 0049
8495 57481 0120
8495 57481 0172
8495 57481 0221
8495 57481 0238
8495 57481 0302
8495 57481 0304
8495 57481 0318
8495 57481 0346
8495 57481 0348
8495 57481 0409
8495 57481 0458
8495 57481 0534
8495 57481 0571
8495 57481 0606
8495 57481 0628
8495 57481 0685
8495 57481 0699
8495 57481 0725
8495 57481 0764
8495 57481 0782
8495 57481 0790
8495 57481 0894
8495 57481 0915
8495 57481 0944
8495 57481 0998
8498 57105 0012
8498 57105 0046
8498 57105 0080
8498 57105 0104
8498 57105 0135
8498 57105 0151
8498 57105 0266
8498 57105 0270
8498 57105 0302
8498 57105 0322
8498 57105 0392
8498 57105 0405
8498 57105 0482
8498 57105 0532
8498 57105 0544
8498 57105 0576
8498 57105 0620
8498 57105 0718
8498 57105 0798
8498 57105 0832
8498 57105 0838
8498 57105 0848
8498 57105 0882
8498 57105 0912
8498 57105 0929
8498 57105 0932
8498 57105 0960
8499 57431 0001
8499 57431 0078
8499 57431 0088
8499 57431 0094
8499 57431 0122
8499 57431 0141
8499 57431 0204
8499 57431 0209
8499 57431 0218
8499 57431 0255
8499 57431 0342
8499 57431 0352
8499 57431 0358
8499 57431 0361
8499 57431 0381
8499 57431 0396
8499 57431 0400
8499 57431 0426
8499 57431 0458
8499 57431 0464
8499 57431 0483
8499 57431 0508
8499 57431 0526
8499 57431 0528
8499 57431 0532
8499 57431 0534
8499 57431 0551
8499 57431 0731
8499 57431 0756
8499 57431 0759
8499 57431 0776
8499 57431 0794
8499 57431 0835
8499 57431 0875
8499 57431 0962
8499 57431 0965
8499 57431 0974
8499 57431 0979
8499 57431 0985
8500 57432 0073
8500 57432 0104
8500 57432 0108
8500 57432 0130
8500 57432 0137
8500 57432 0162
8500 57432 0216
8500 57432 0217
8500 57432 0300
8500 57432 0302
8500 57432 0333
8500 57432 0360
8500 57432 0384
8500 57432 0416
8500 57432 0443
8500 57432 0458
8500 57432 0477
8500 57432 0504
8500 57432 0511
8500 57432 0528
8500 57432 0532
8500 57432 0546
8500 57432 0584