8844 57424 0426
8844 57424 0482
8844 57424 0540
8844 57424 0574
8844 57424 0576
8844 57424 0597
8844 57424 0642
8844 57424 0654
8844 57424 0698
8844 57424 0846
8844 57424 0900
8844 57424 0939
8844 57424 0957
8844 57424 0972
8846 57428 0028
8846 57428 0058
8846 57428 0098
8846 57428 0124
8846 57428 0176
8846 57428 0179
8846 57428 0297
8846 57428 0453
8846 57428 0486
8846 57428 0514
8846 57428 0521
8846 57428 0537
8846 57428 0564
8846 57428 0578
8846 57428 0606
8846 57428 0660
8846 57428 0681
8846 57428 0773
8846 57428 0802
8846 57428 0840
8846 57428 0922
8847 57429 0009
8847 57429 0012
8847 57429 0026
8847 57429 0051
8847 57429 0092
8847 57429 0095
8847 57429 0109
8847 57429 0142
8847 57429 0147
8847 57429 0158
8847 57429 0164
8847 57429 0185
8847 57429 0257
8847 57429 0338
8847 57429 0388
8847 57429 0389
8847 57429 0442
8847 57429 0464
8847 57429 0535
8847 57429 0656
8847 57429 0859
8847 57429 0994
8849 57457 0003
8849 57457 0046
8849 57457 0050
8849 57457 0077
8849 57457 0081
8849 57457 0101
8849 57457 0172
8849 57457 0194
8849 57457 0322
8849 57457 0372
8849 57457 0376
8849 57457 0443
8849 57457 0486
8849 57457 0498
8849 57457 0506
8849 57457 0508
8849 57457 0532
8849 57457 0570
8849 57457 0702
8849 57457 0722
8849 57457 0724
8849 57457 0746
8849 57457 0755
8849 57457 0875
8849 57457 0880
8849 57457 0886
8849 57457 0890
8849 57457 0904
8849 57457 0913
8849 57457 0938
8849 57457 0971
8849 57457 0984
8849 57457 1000
8851 57460 0035
8851 57460 0062
8851 57460 0072
8851 57460 0082
8851 57460 0194
8851 57460 0198
8851 57460 0200
8851 57460 0220
8851 57460 0311
8851 57460 0336
8851 57460 0358
8851 57460 0387
8851 57460 0393
8851 57460 0470
8851 57460 0537
8851 57460 0550
8851 57460 0557
8851 57460 0570
8851 57460 0648
8851 57460 0688
8851 57460 0690
8851 57460 0698
8851 57460 0866
8851 57460 0908
8851 57460 0920
8851 57460 0954
8851 57460 0968
8852 57449 0014
8852 57449 0110
8852 57449 0122
8852 57449 0138
8852 57449 0168
8852 57449 0172
8852 57449 0194
8852 57449 0214
8852 57449 0223
8852 57449 0225
8852 57449 0228
8852 57449 0264
8852 57449 0277
8852 57449 0279
8852 57449 0282
8852 57449 0304
8852 57449 0320
8852 57449 0324
8852 57449 0381
8852 57449 0397
8852 57449 0420
8852 57449 0422
8852 57449 0428
8852 57449 0429
8852 57449 0501
8852 57449 0524
8852 57449 0548
8852 57449 0572
8852 57449 0584
8852 57449 0655
8852 57449 0666
8852 57449 0712
8852 57449 0738
8852 57449 0816
8852 57449 0847
8852 57449 0882
8852 57449 0887
8852 57449 0936
8853 57459 0012
8853 57459 0040
8853 57459 0041
8853 57459 0042
8853 57459 0080
8853 57459 0151
8853 57459 0216
8853 57459 0239
8853 57459 0251
8853 57459 0310
8853 57459 0312
8853 57459 0318
8853 57459 0388
8853 57459 0414
8853 57459 0470
8853 57459 0479
8853 57459 0548
8853 57459 0554
8853 57459 0586
8853 57459 0599
8853 57459 0639
8853 57459 0645
8853 57459 0646
8853 57459 0657
8853 57459 0682
8853 57459 0689
8853 57459 0746
8853 57459 0748
8853 57459 0757
8853 57459 0791
8853 57459 0796
8853 57459 0801
8853 57459 0844
8853 57459 0894
8853 57459 0916
8853 57459 0944
8853 57459 0948
8854 57450 0017
8854 57450 0021
8854 57450 0058
8854 57450 0066
8854 57450 0086
8854 57450 0098
8854 57450 0152
8854 57450 0199
8854 57450 0206
8854 57450 0225
8854 57450 0301
8854 57450 0304
8854 57450 0341
8854 57450 0370
8854 57450 0384
8854 57450 0406
8854 57450 0502
8854 57450 0510
8854 57450 0556
8854 57450 0574
8854 57450 0588
8854 57450 0654
8854 57450 0684
8854 57450 0730
8854 57450 0750
8854 57450 0754
8854 57450 0768
8854 57450 0865
8854 57450 0893
8854 57450 0938
8854 57450 0951
8854 57450 0959
8856 57453 0005
8856 57453 0013
8856 57453 0028
8856 57453 0050
8856 57453 0092
8856 57453 0115
8856 57453 0118
8856 57453 0126
8856 57453 0138
8856 57453 0174
8856 57453 0176
8856 57453 0197
8856 57453 0198
8856 57453 0238
8856 57453 0244
8856 57453 0252
8856 57453 0256
8856 57453 0286
8856 57453 0298
8856 57453 0314
8856 57453 0371
8856 57453 0373
8856 57453 0374
8856 57453 0376
8856 57453 0414
8856 57453 0506
8856 57453 0584
8856 57453 0652
8856 57453 0692
8856 57453 0704
8856 57453 0790
8856 57453 0804
8856 57453 0816
8856 57453 0818
8856 57453 0846
8856 57453 0854
8856 57453 0899
8856 57453 0900
8856 57453 0936
8856 57453 0958
8856 57453 0962
8856 57453 0982
8856 57453 0991
8857 57449 0062
8857 57449 0074
8857 57449 0096
8857 57449 0148
8857 57449 0149
8857 57449 0168
8857 57449 0201
8857 57449 0220
8857 57449 0243
8857 57449 0245
8857 57449 0246
8857 57449 0305
8857 57449 0306
8857 57449 0312
8857 57449 0321
8857 57449 0323
8857 57449 0334
8857 57449 0341
8857 57449 0424
8857 57449 0435
8857 57449 0440
8857 57449 0444
8857 57449 0571
8857 57449 0634
8857 57449 0638
8857 57449 0643
8857 57449 0670
8857 57449 0672
8857 57449 0689
8857 57449 0723
8857 57449 0726
8857 57449 0746
8857 57449 0756
8857 57449 0770
8857 57449 0823
8857 57449 0824
8857 57449 0828
8857 57449 0842
8857 57449 0894
8857 57449 0896
8857 57449 0902
8857 57449 0912
8857 57449 0936
8857 57449 0992
8857 57449 0998
8858 57450 0014
8858 57450 0032
8858 57450 0033
8858 57450 0070
8858 57450 0110
8858 57450 0146
8858 57450 0166
8858 57450 0180
8858 57450 0185
8858 57450 0186
8858 57450 0213
8858 57450 0236
8858 57450 0243
8858 57450 0251
8858 57450 0259
8858 57450 0280
8858 57450 0281
8858 57450 0302
8858 57450 0311
8858 57450 0320
8858 57450 0356
8858 57450 0360
8858 57450 0398
8858 57450 0450
8858 57450 0452
8858 57450 0494
8858 57450 0544
8858 57450 0568
8858 57450 0588
8858 57450 0596
8858 57450 0633
8858 57450 0681
8858 57450 0689
8858 57450 0690
8858 57450 0700
8858 57450 0716
8858 57450 0720
8858 57450 0733
8858 57450 0741
8858 57450 0770
8858 57450 0776
8858 57450 0803
8858 57450 0820
8858 57450 0874
8859 57452 0068
8859 57452 0135
8859 57452 0139
8859 57452 0234
8859 57452 0250
8859 57452 0298
8859 57452 0320
8859 57452 0339
8859 57452 0378
8859 57452 0413
8859 57452 0423
8859 57452 0471
8859 57452 0494
8859 57452 0499
8859 57452 0520
8859 57452 0524
8859 57452 0578
8859 57452 0595
8859 57452 0614
8859 57452 0618
8859 57452 0636
8859 57452 0652
8859 57452 0659
8859 57452 0694
8859 57452 0708
8859 57452 0722
8859 57452 0754
8859 57452 0756
8859 57452 0760
8859 57452 0768
8859 57452 0771
8859 57452 0774
8859 57452 0775
8859 57452 0776
8859 57452 0791
8859 57452 0911
8859 57452 0936
8859 57452 0938
8859 57452 0942
8859 57452 0964
8860 57458 0015
8860 57458 0040
8860 57458 0067
8860 57458 0070
8860 57458 0071
8860 57458 0076
8860 57458 0143
8860 57458 0212
8860 57458 0261
8860 57458 0292
8860 57458 0297
8860 57458 0306
8860 57458 0312
8860 57458 0324
8860 57458 0329
8860 57458 0362
8860 57458 0400
8860 57458 0404
8860 57458 0408
8860 57458 0414
8860 57458 0442
8860 57458 0464
8860 57458 0476
8860 57458 0478
8860 57458 0568
8860 57458 0694
8860 57458 0698
8860 57458 0716
8860 57458 0718
8860 57458 0740
8860 57458 0772
8860 57458 0778
8860 57458 0810
8860 57458 0838
8860 57458 0840
8860 57458 0844
8860 57458 0846
8860 57458 0888
8860 57458 0896
8860 57458 0948
8860 57458 0950
8860 57458 0984
8861 57459 0032
8861 57459 0050
8861 57459 0098
8861 57459 0119
8861 57459 0120
8861 57459 0144
8861 57459 0154
8861 57459 0156
8861 57459 0162
8861 57459 0170
8861 57459 0201
8861 57459 0212
8861 57459 0218
8861 57459 0250
8861 57459 0257
8861 57459 0264
8861 57459 0298
8861 57459 0318
8861 57459 0342
8861 57459 0345
8861 57459 0356
8861 57459 0382
8861 57459 0388
8861 57459 0390
8861 57459 0397
8861 57459 0410
8861 57459 0415
8861 57459 0434
8861 57459 0450
8861 57459 0589
8861 57459 0596
8861 57459 0637
8861 57459 0655
8861 57459 0692
8861 57459 0694
8861 57459 0760
8861 57459 0777
8861 57459 0794
8861 57459 0821
8861 57459 0830
8861 57459 0850
8861 57459 0877
8861 57459 0968
8861 57459 0984
8861 57459 0986
8862 57461 0039
8862 57461 0042
8862 57461 0044
8862 57461 0194
8862 57461 0198
8862 57461 0200
8862 57461 0241
8862 57461 0349
8862 57461 0357
8862 57461 0360
8862 57461 0393
8862 57461 0400
8862 57461 0402
8862 57461 0406
8862 57461 0416
8862 57461 0428
8862 57461 0432
8862 57461 0445
8862 57461 0475
8862 57461 0486
8862 57461 0488
8862 57461 0520
8862 57461 0538
8862 57461 0540
8862 57461 0588
8862 57461 0613
8862 57461 0616
8862 57461 0622
8862 57461 0669
8862 57461 0722
8862 57461 0750
8862 57461 0824
8862 57461 0827
8862 57461 0860
8862 57461 0878
8862 57461 0918
8864 57428 0016
8864 57428 0034
8864 57428 0048
8864 57428 0101
8864 57428 0102
8864 57428 0139
8864 57428 0150
8864 57428 0213
8864 57428 0224
8864 57428 0278
8864 57428 0295
8864 57428 0319
8864 57428 0324
8864 57428 0335
8864 57428 0375
8864 57428 0376
8864 57428 0420
8864 57428 0459
8864 57428 0500
8864 57428 0532
8864 57428 0543
8864 57428 0591
8864 57428 0600
8864 57428 0638
8864 57428 0646
8864 57428 0715
8864 57428 0755
8864 57428 0785
8864 57428 0813
8864 57428 0859
8864 57428 0966
8864 57428 0977
8864 57428 0984
8864 57428 0997
8865 57426 0012
8865 57426 0061
8865 57426 0141
8865 57426 0159
8865 57426 0180
8865 57426 0190
8865 57426 0198
8865 57426 0238
8865 57426 0262
8865 57426 0273
8865 57426 0305
8865 57426 0343
8865 57426 0395
8865 57426 0449
8865 57426 0505
8865 57426 0526
8865 57426 0624
8865 57426 0646
8865 57426 0692
8865 57426 0770
8865 57426 0834
8865 57426 0878
8865 57426 0914
8865 57426 0968
8865 57426 0996
8866 57457 0052
8866 57457 0053
8866 57457 0088
8866 57457 0140
8866 57457 0186
8866 57457 0224
8866 57457 0270
8866 57457 0370
8866 57457 0372
8866 57457 0410
8866 57457 0411
8866 57457 0440
8866 57457 0441
8866 57457 0442
8866 57457 0450
8866 57457 0548
8866 57457 0567
8866 57457 0579
8866 57457 0591
8866 57457 0597
8866 57457 0604
8866 57457 0662
8866 57457 0716
8866 57457 0824
8866 57457 0860
8866 57457 0899
8866 57457 0906
8866 57457 0910
8866 57457 0928
8866 57457 0933
8866 57457 0995
8867 57460 0008
8867 57460 0009
8867 57460 0046
8867 57460 0098
8867 57460 0122
8867 57460 0146
8867 57460 0152
8867 57460 0156
8867 57460 0181
8867 57460 0194
8867 57460 0240
8867 57460 0250
8867 57460 0256
8867 57460 0287
8867 57460 0334
8867 57460 0337
8867 57460 0360
8867 57460 0424
8867 57460 0430
8867 57460 0433
8867 57460 0480
8867 57460 0541
8867 57460 0550
8867 57460 0580
8867 57460 0589
8867 57460 0643
8867 57460 0648
8867 57460 0672
8867 57460 0729
8867 57460 0732
8867 57460 0737
8867 57460 0748
8867 57460 0751
8867 57460 0755
8867 57460 0767
8867 57460 0824
8867 57460 0970
8869 57481 0031
8869 57481 0194
8869 57481 0245
8869 57481 0288
8869 57481 0292
8869 57481 0317
8869 57481 0352
8869 57481 0359
8869 57481 0378
8869 57481 0424
8869 57481 0431
8869 57481 0473
8869 57481 0481
8869 57481 0487
8869 57481 0497
8869 57481 0537
8869 57481 0587
8869 57481 0598
8869 57481 0609
8869 57481 0615
8869 57481 0618
8869 57481 0620
8869 57481 0623
8869 57481 0660
8869 57481 0700
8869 57481 0742
8869 57481 0782
8869 57481 0836
8869 57481 0999
8871 57519 0082
8871 57519 0088
8871 57519 0117
8871 57519 0152
8871 57519 0235
8871 57519 0266
8871 57519 0280
8871 57519 0286
8871 57519 0388
8871 57519 0391
8871 57519 0397
8871 57519 0412
8871 57519 0441
8871 57519 0446
8871 57519 0500
8871 57519 0505
8871 57519 0570
8871 57519 0635
8871 57519 0645
8871 57519 0728
8871 57519 0752
8871 57519 0816
8871 57519 0824
8871 57519 0866
8871 57519 0892
8871 57519 0904
8871 57519 0976
8872 57422 0037
8872 57422 0098
8872 57422 0128
8872 57422 0187
8872 57422 0196
8872 57422 0218
8872 57422 0220
8872 57422 0223
8872 57422 0262
8872 57422 0288
8872 57422 0292
8872 57422 0303
8872 57422 0310
8872 57422 0345
8872 57422 0346
8872 57422 0359
8872 57422 0396
8872 57422 0442
8872 57422 0452
8872 57422 0483
8872 57422 0538
8872 57422 0607
8872 57422 0618
8872 57422 0656
8872 57422 0685
8872 57422 0697
8872 57422 0726
8872 57422 0764
8872 57422 0778
8872 57422 0782
8872 57422 0783
8872 57422 0784
8872 57422 0790
8872 57422 0986
8873 57427 0019
8873 57427 0024
8873 57427 0033
8873 57427 0037
8873 57427 0129
8873 57427 0172
8873 57427 0200
8873 57427 0211
8873 57427 0220
8873 57427 0226
8873 57427 0250
8873 57427 0273
8873 57427 0284
8873 57427 0326
8873 57427 0364
8873 57427 0389
8873 57427 0426
8873 57427 0469
8873 57427 0515
8873 57427 0544
8873 57427 0562
8873 57427 0578
8873 57427 0590
8873 57427 0608
8873 57427 0625
8873 57427 0654
8873 57427 0661
8873 57427 0734
8873 57427 0800
8873 57427 0802
8873 57427 0823
8873 57427 0888
8873 57427 0928
8873 57427 0930
8873 57427 0933
8873 57427 0937
8874 57426 0179
8874 57426 0186
8874 57426 0217
8874 57426 0281
8874 57426 0323
8874 57426 0423
8874 57426 0438
8874 57426 0535
8874 57426 0612
8874 57426 0628
8874 57426 0643
8874 57426 0704
8874 57426 0780
8874 57426 0831
8874 57426 0847
8874 57426 0883
8874 57426 0924
8874 57426 0938