plate mjd fiber
10000 57346 0014
10000 57346 0155
10000 57346 0156
10000 57346 0161
10000 57346 0186
10000 57346 0210
10000 57346 0268
10000 57346 0302
10000 57346 0312
10000 57346 0318
10000 57346 0327
10000 57346 0328
10000 57346 0365
10000 57346 0373
10000 57346 0382
10000 57346 0434
10000 57346 0496
10000 57346 0504
10000 57346 0566
10000 57346 0570
10000 57346 0605
10000 57346 0608
10000 57346 0610
10000 57346 0710
10000 57346 0804
10000 57346 0817
10000 57346 0850
10000 57346 0896
10000 57346 0939
10000 57346 0948
10000 57346 1000
7572 56944 0147
7572 56944 0184
7572 56944 0270
7572 56944 0674
7572 56944 0706
7572 56944 0713
7572 56944 0750
7572 56944 0808
7572 56944 0847
7572 56944 0937
7574 56945 0027
7574 56945 0131
7574 56945 0161
7574 56945 0167
7574 56945 0169
7574 56945 0185
7574 56945 0230
7574 56945 0265
7574 56945 0376
7574 56945 0385
7574 56945 0439
7574 56945 0476
7574 56945 0478
7574 56945 0562
7574 56945 0658
7574 56945 0768
7574 56945 0791
7574 56945 0810
7574 56945 0824
7574 56945 0906
7574 56945 0984
7574 56945 0988
7575 56947 0116
7575 56947 0144
7575 56947 0218
7575 56947 0236
7575 56947 0320
7575 56947 0325
7575 56947 0336
7575 56947 0418
7575 56947 0420
7575 56947 0576
7575 56947 0600
7575 56947 0604
7575 56947 0666
7575 56947 0671
7575 56947 0709
7575 56947 0833
7575 56947 0850
7575 56947 0881
7575 56947 0903
7576 56948 0989
7577 56944 0002
7577 56944 0026
7577 56944 0122
7577 56944 0176
7577 56944 0183
7577 56944 0320
7577 56944 0365
7577 56944 0390
7577 56944 0401
7577 56944 0475
7577 56944 0483
7577 56944 0500
7577 56944 0570
7577 56944 0662
7577 56944 0692
7577 56944 0711
7577 56944 0718
7577 56944 0732
7577 56944 0775
7577 56944 0776
7577 56944 0786
7577 56944 0789
7577 56944 0816
7577 56944 0932
7577 56944 0992
7578 56956 0018
7578 56956 0019
7578 56956 0059
7578 56956 0131
7578 56956 0168
7578 56956 0234
7578 56956 0240
7578 56956 0281
7578 56956 0282
7578 56956 0331
7578 56956 0368
7578 56956 0381
7578 56956 0418
7578 56956 0466
7578 56956 0470
7578 56956 0505
7578 56956 0538
7578 56956 0560
7578 56956 0617
7578 56956 0640
7578 56956 0642
7578 56956 0724
7578 56956 0729
7578 56956 0743
7578 56956 0748
7578 56956 0793
7578 56956 0799
7578 56956 0855
7578 56956 0856
7578 56956 0926
7578 56956 0975
7579 56954 0072
7579 56954 0144
7579 56954 0169
7579 56954 0178
7579 56954 0233
7579 56954 0300
7579 56954 0363
7579 56954 0394
7579 56954 0396
7579 56954 0512
7579 56954 0566
7579 56954 0597
7579 56954 0618
7579 56954 0640
7579 56954 0648
7579 56954 0791
7579 56954 0823
7579 56954 0852
7579 56954 0960
7580 56955 0063
7580 56955 0078
7580 56955 0112
7580 56955 0147
7580 56955 0162
7580 56955 0232
7580 56955 0337
7580 56955 0342
7580 56955 0366
7580 56955 0614
7580 56955 0850
7580 56955 0932
7580 56955 0971
7580 56955 0972
7581 56949 0018
7581 56949 0028
7581 56949 0039
7581 56949 0172
7581 56949 0188
7581 56949 0192
7581 56949 0310
7581 56949 0348
7581 56949 0405
7581 56949 0492
7581 56949 0503
7581 56949 0540
7581 56949 0548
7581 56949 0600
7581 56949 0658
7581 56949 0685
7581 56949 0765
7581 56949 0788
7581 56949 0820
7581 56949 0853
7581 56949 0894
7581 56949 0916
7581 56949 0942
7581 56949 0970
7581 57195 0016
7581 57195 0022
7581 57195 0039
7581 57195 0134
7581 57195 0226
7581 57195 0240
7581 57195 0398
7581 57195 0430
7581 57195 0451
7581 57195 0500
7581 57195 0505
7581 57195 0540
7581 57195 0550
7581 57195 0600
7581 57195 0658
7581 57195 0689
7581 57195 0769
7581 57195 0788
7581 57195 0820
7581 57195 0855
7581 57195 0894
7581 57195 0918
7581 57195 0946
7581 57195 0974
7582 56960 0010
7582 56960 0092
7582 56960 0124
7582 56960 0135
7582 56960 0166
7582 56960 0181
7582 56960 0240
7582 56960 0284
7582 56960 0311
7582 56960 0324
7582 56960 0337
7582 56960 0370
7582 56960 0392
7582 56960 0554
7582 56960 0610
7582 56960 0666
7582 56960 0668
7582 56960 0691
7582 56960 0750
7582 56960 0772
7582 56960 0846
7582 56960 0911
7582 56960 0928
7583 56958 0029
7583 56958 0031
7583 56958 0035
7583 56958 0054
7583 56958 0070
7583 56958 0098
7583 56958 0129
7583 56958 0173
7583 56958 0223
7583 56958 0254
7583 56958 0326
7583 56958 0370
7583 56958 0424
7583 56958 0434
7583 56958 0559
7583 56958 0563
7583 56958 0595
7583 56958 0622
7583 56958 0688
7583 56958 0731
7583 56958 0809
7583 56958 0817
7583 56958 0871
7583 56958 0905
7584 56957 0004
7584 56957 0028
7584 56957 0029
7584 56957 0058
7584 56957 0107
7584 56957 0167
7584 56957 0172
7584 56957 0173
7584 56957 0174
7584 56957 0235
7584 56957 0263
7584 56957 0306
7584 56957 0336
7584 56957 0422
7584 56957 0441
7584 56957 0478
7584 56957 0618
7584 56957 0640
7584 56957 0715
7584 56957 0740
7584 56957 0760
7584 56957 0854
7584 56957 0950
7585 57190 0090
7585 57190 0125
7585 57190 0290
7585 57190 0302
7585 57190 0304
7585 57190 0330
7585 57190 0331
7585 57190 0332
7585 57190 0340
7585 57190 0344
7585 57190 0359
7585 57190 0399
7585 57190 0422
7585 57190 0443
7585 57190 0508
7585 57190 0720
7585 57190 0733
7585 57190 0740
7585 57190 0843
7585 57190 0861
7585 57190 0912
7586 57186 0051
7586 57186 0086
7586 57186 0091
7586 57186 0329
7586 57186 0398
7586 57186 0519
7586 57186 0520
7586 57186 0602
7586 57186 0610
7586 57186 0653
7586 57186 0656
7586 57186 0658
7586 57186 0686
7586 57186 0690
7586 57186 0704
7586 57186 0706
7586 57186 0790
7586 57186 0846
7586 57186 0852
7586 57186 0922
7586 57186 0983
7586 57186 0996
7586 57186 0998
7587 57297 0002
7587 57297 0010
7587 57297 0126
7587 57297 0145
7587 57297 0177
7587 57297 0230
7587 57297 0301
7587 57297 0322
7587 57297 0328
7587 57297 0462
7587 57297 0469
7587 57297 0644
7587 57297 0716
7587 57297 0808
7587 57297 0892
7587 57297 0926
7587 57297 0938
7587 57297 0944
7587 57297 0959
7587 57297 0982
7588 56903 0026
7588 56903 0052
7588 56903 0095
7588 56903 0126
7588 56903 0163
7588 56903 0241
7588 56903 0245
7588 56903 0246
7588 56903 0248
7588 56903 0249
7588 56903 0252
7588 56903 0257
7588 56903 0264
7588 56903 0276
7588 56903 0280
7588 56903 0282
7588 56903 0283
7588 56903 0290
7588 56903 0292
7588 56903 0300
7588 56903 0306
7588 56903 0324
7588 56903 0327
7588 56903 0365
7588 56903 0369
7588 56903 0400
7588 56903 0422
7588 56903 0445
7588 56903 0459
7588 56903 0499
7588 56903 0504
7588 56903 0516
7588 56903 0520
7588 56903 0550
7588 56903 0604
7588 56903 0624
7588 56903 0637
7588 56903 0714
7588 56903 0734
7588 56903 0750
7588 56903 0752
7588 56903 0808
7588 56903 0832
7588 56903 0852
7588 56903 0913
7589 56946 0026
7589 56946 0072
7589 56946 0107
7589 56946 0188
7589 56946 0328
7589 56946 0429
7589 56946 0473
7589 56946 0476
7589 56946 0526
7589 56946 0552
7589 56946 0595
7589 56946 0598
7589 56946 0674
7589 56946 0708
7589 56946 0814
7589 56946 0829
7589 56946 0868
7589 56946 0872
7589 56946 0874
7589 56946 0889
7589 56946 0892
7589 56946 0922
7589 56946 0972
7590 56944 0041
7590 56944 0043
7590 56944 0125
7590 56944 0150
7590 56944 0152
7590 56944 0166
7590 56944 0168
7590 56944 0170
7590 56944 0176
7590 56944 0178
7590 56944 0180
7590 56944 0190
7590 56944 0239
7590 56944 0250
7590 56944 0252
7590 56944 0258
7590 56944 0282
7590 56944 0290
7590 56944 0336
7590 56944 0342
7590 56944 0350
7590 56944 0410
7590 56944 0420
7590 56944 0423
7590 56944 0426
7590 56944 0430
7590 56944 0437
7590 56944 0442
7590 56944 0452
7590 56944 0464
7590 56944 0466
7590 56944 0470
7590 56944 0487
7590 56944 0489
7590 56944 0578
7590 56944 0584
7590 56944 0608
7590 56944 0660
7590 56944 0692
7590 56944 0744
7590 56944 0759
7590 56944 0880
7590 56944 0913
7590 56944 0917
7590 56944 0919
7590 56944 0926
7590 56944 0932
7590 56944 0940
7590 56944 0955
7590 56944 0970
7590 56944 0985
7591 56954 0152
7591 56954 0160
7591 56954 0194
7591 56954 0234
7591 56954 0267
7591 56954 0278
7591 56954 0302
7591 56954 0308
7591 56954 0321
7591 56954 0341
7591 56954 0358
7591 56954 0378
7591 56954 0386
7591 56954 0438
7591 56954 0550
7591 56954 0575
7591 56954 0604
7591 56954 0660
7591 56954 0667
7591 56954 0724
7591 56954 0734
7591 56954 0740
7591 56954 0790
7591 56954 0804
7591 56954 0811
7591 56954 0896
7591 56954 0918
7591 56954 0920
7591 56954 0926
7591 56954 0953
7591 56954 0956
7591 56954 0996
7592 56947 0022
7592 56947 0030
7592 56947 0048
7592 56947 0074
7592 56947 0087
7592 56947 0094
7592 56947 0100
7592 56947 0104
7592 56947 0156
7592 56947 0244
7592 56947 0287
7592 56947 0296
7592 56947 0329
7592 56947 0349
7592 56947 0526
7592 56947 0603
7592 56947 0686
7592 56947 0712
7592 56947 0718
7592 56947 0736
7592 56947 0764
7592 56947 0773
7592 56947 0803
7592 56947 0805
7592 56947 0847
7592 56947 0852
7592 56947 0941
7592 56947 0991
7593 56958 0026
7593 56958 0058
7593 56958 0088
7593 56958 0122
7593 56958 0142
7593 56958 0157
7593 56958 0216
7593 56958 0236
7593 56958 0370
7593 56958 0412
7593 56958 0476
7593 56958 0508
7593 56958 0548
7593 56958 0661
7593 56958 0662
7593 56958 0753
7593 56958 0798
7593 56958 0814
7593 56958 0880
7593 56958 0942
7593 56958 0945
7593 56958 0948
7593 56958 0965
7593 56958 0985
7594 56947 0042
7594 56947 0080
7594 56947 0112
7594 56947 0164
7594 56947 0168
7594 56947 0287
7594 56947 0348
7594 56947 0380
7594 56947 0458
7594 56947 0500
7594 56947 0524
7594 56947 0545
7594 56947 0632
7594 56947 0667
7594 56947 0680
7594 56947 0722
7594 56947 0740
7594 56947 0787
7594 56947 0856
7594 56947 0882
7594 56947 0932
7594 56947 0944
7594 56947 0949
7594 56947 0957
7594 56947 0963
7594 56947 0990
7595 56957 0049
7595 56957 0059
7595 56957 0061
7595 56957 0062
7595 56957 0064
7595 56957 0068
7595 56957 0082
7595 56957 0118
7595 56957 0246
7595 56957 0269
7595 56957 0286
7595 56957 0290
7595 56957 0308
7595 56957 0311
7595 56957 0326
7595 56957 0340
7595 56957 0343
7595 56957 0378
7595 56957 0420
7595 56957 0522
7595 56957 0614
7595 56957 0624
7595 56957 0701
7595 56957 0775
7595 56957 0840
7595 56957 0856
7595 56957 0997
7596 56945 0018
7596 56945 0117
7596 56945 0122
7596 56945 0126
7596 56945 0127
7596 56945 0132
7596 56945 0184
7596 56945 0198
7596 56945 0226
7596 56945 0251
7596 56945 0282
7596 56945 0312
7596 56945 0316
7596 56945 0348
7596 56945 0377
7596 56945 0386
7596 56945 0442
7596 56945 0506
7596 56945 0513
7596 56945 0516
7596 56945 0535
7596 56945 0554
7596 56945 0588
7596 56945 0831
7596 56945 0928
7596 56945 0930
7596 56945 0962
7596 56945 0964
7596 56945 0965
7596 56945 0997
7597 56973 0146
7597 56973 0156
7597 56973 0266
7597 56973 0267
7597 56973 0277
7597 56973 0280
7597 56973 0286
7597 56973 0287
7597 56973 0291
7597 56973 0308
7597 56973 0320
7597 56973 0332
7597 56973 0380
7597 56973 0410
7597 56973 0456
7597 56973 0458
7597 56973 0468
7597 56973 0500
7597 56973 0652
7597 56973 0654
7597 56973 0662
7597 56973 0670
7597 56973 0677
7597 56973 0710
7597 56973 0714
7597 56973 0717
7597 56973 0719
7597 56973 0812
7598 56956 0062
7598 56956 0070
7598 56956 0082
7598 56956 0276
7598 56956 0278
7598 56956 0380
7598 56956 0404
7598 56956 0412
7598 56956 0438
7598 56956 0466
7598 56956 0471
7598 56956 0706
7598 56956 0722
7598 56956 0754
7598 56956 0772
7598 56956 0796
7598 56956 0818
7598 56956 0894
7598 56956 0898
7598 56956 0912
7598 56956 0913
7598 56956 0926
7598 56956 0948
7598 56956 0978
7598 56956 0994
7599 56955 0050
7599 56955 0070
7599 56955 0074
7599 56955 0116
7599 56955 0134
7599 56955 0137
7599 56955 0142
7599 56955 0144
7599 56955 0166
7599 56955 0184
7599 56955 0185
7599 56955 0242
7599 56955 0297
7599 56955 0324
7599 56955 0361
7599 56955 0386
7599 56955 0392
7599 56955 0406
7599 56955 0414
7599 56955 0417
7599 56955 0484
7599 56955 0516
7599 56955 0528
7599 56955 0538
7599 56955 0550
7599 56955 0566
7599 56955 0614
7599 56955 0617
7599 56955 0650
7599 56955 0652
7599 56955 0720
7599 56955 0912
7599 56955 0916
7599 56955 0930
7600 56984 0110
7600 56984 0173
7600 56984 0233
7600 56984 0237
7600 56984 0254
7600 56984 0302
7600 56984 0352
7600 56984 0358
7600 56984 0435
7600 56984 0525
7600 56984 0530
7600 56984 0569
7600 56984 0575
7600 56984 0578
7600 56984 0579
7600 56984 0642
7600 56984 0752
7600 56984 0811
7600 56984 0816
7600 56984 0842
7600 56984 0884
7600 56984 0992
7601 56959 0020
7601 56959 0024
7601 56959 0069
7601 56959 0076
7601 56959 0146
7601 56959 0161
7601 56959 0162
7601 56959 0170
7601 56959 0275
7601 56959 0338
7601 56959 0382
7601 56959 0452
7601 56959 0462
7601 56959 0470
7601 56959 0490
7601 56959 0578
7601 56959 0588
7601 56959 0602
7601 56959 0627
7601 56959 0648
7601 56959 0686
7601 56959 0702
7601 56959 0810
7601 56959 0906
7601 56959 0927
7601 56959 0970
7602 56954 0018
7602 56954 0024
7602 56954 0063
7602 56954 0083
7602 56954 0092
7602 56954 0119
7602 56954 0120
7602 56954 0124
7602 56954 0138
7602 56954 0140
7602 56954 0180
7602 56954 0184
7602 56954 0189
7602 56954 0206
7602 56954 0216
7602 56954 0223
7602 56954 0230
7602 56954 0238
7602 56954 0244
7602 56954 0248
7602 56954 0262
7602 56954 0295
7602 56954 0314
7602 56954 0323
7602 56954 0326
7602 56954 0328
7602 56954 0348
7602 56954 0361
7602 56954 0378
7602 56954 0379
7602 56954 0392
7602 56954 0400
7602 56954 0417
7602 56954 0420
7602 56954 0426
7602 56954 0431
7602 56954 0435
7602 56954 0482
7602 56954 0500
7602 56954 0517
7602 56954 0548
7602 56954 0569
7602 56954 0606
7602 56954 0619
7602 56954 0640
7602 56954 0648
7602 56954 0655
7602 56954 0796
7602 56954 0798
7602 56954 0918
7602 56954 0958
7602 56954 0994
7603 56960 0019
7603 56960 0034
7603 56960 0041
7603 56960 0069
7603 56960 0095
7603 56960 0178
7603 56960 0180
7603 56960 0252
7603 56960 0284
7603 56960 0302
7603 56960 0333
7603 56960 0385
7603 56960 0387
7603 56960 0399
7603 56960 0447
7603 56960 0482
7603 56960 0490
7603 56960 0533
7603 56960 0593
7603 56960 0606
7603 56960 0660
7603 56960 0704
7603 56960 0739
7603 56960 0767
7603 56960 0809
7603 56960 0882
7603 56960 0920
7603 56960 0926
7603 56960 0989
7604 56947 0014
7604 56947 0086
7604 56947 0088
7604 56947 0114
7604 56947 0156
7604 56947 0176
7604 56947 0180
7604 56947 0182
7604 56947 0199
7604 56947 0270
7604 56947 0277
7604 56947 0289
7604 56947 0314
7604 56947 0331
7604 56947 0376
7604 56947 0464
7604 56947 0583
7604 56947 0672
7604 56947 0718
7604 56947 0720
7604 56947 0739
7604 56947 0751
7604 56947 0787
7604 56947 0879
7604 56947 0933
7604 56947 0949
7604 56947 0985
7604 56947 0989
7605 56949 0049
7605 56949 0058
7605 56949 0086
7605 56949 0132
7605 56949 0166
7605 56949 0170
7605 56949 0174
7605 56949 0184
7605 56949 0316
7605 56949 0350
7605 56949 0376
7605 56949 0429
7605 56949 0436
7605 56949 0438
7605 56949 0504
7605 56949 0564
7605 56949 0729
7605 56949 0756
7605 56949 0896
7605 56949 0898
7605 56949 0904
7605 56949 0980
7605 56949 0994
7606 56977 0102
7606 56977 0106
7606 56977 0132
7606 56977 0144
7606 56977 0214
7606 56977 0375
7606 56977 0396
7606 56977 0398
7606 56977 0428
7606 56977 0438
7606 56977 0465
7606 56977 0483
7606 56977 0539
7606 56977 0647
7606 56977 0648
7606 56977 0652
7606 56977 0654
7606 56977 0658
7606 56977 0682
7606 56977 0762
7606 56977 0814
7606 56977 0897
7606 56977 0968
7606 56977 0972
7607 56902 0047
7607 56902 0172
7607 56902 0181
7607 56902 0238
7607 56902 0240
7607 56902 0248
7607 56902 0256
7607 56902 0257
7607 56902 0262
7607 56902 0338
7607 56902 0342
7607 56902 0361
7607 56902 0365
7607 56902 0380
7607 56902 0399
7607 56902 0403
7607 56902 0441
7607 56902 0511
7607 56902 0527
7607 56902 0528
7607 56902 0563
7607 56902 0581
7607 56902 0587
7607 56902 0616
7607 56902 0642
7607 56902 0646
7607 56902 0671
7607 56902 0681
7607 56902 0766
7607 56902 0808
7607 56902 0839
7607 56902 0877
7607 56902 0960
7608 56945 0006
7608 56945 0027
7608 56945 0031
7608 56945 0093
7608 56945 0164
7608 56945 0208
7608 56945 0303
7608 56945 0384
7608 56945 0412
7608 56945 0460
7608 56945 0481
7608 56945 0483
7608 56945 0516
7608 56945 0538
7608 56945 0570
7608 56945 0646
7608 56945 0688
7608 56945 0691
7608 56945 0700
7608 56945 0710
7608 56945 0714
7608 56945 0733
7608 56945 0750
7608 56945 0786
7608 56945 0800
7608 56945 0859
7608 56945 0863
7608 56945 0948
7608 56945 0949
7608 56945 0953
7609 56959 0024
7609 56959 0086
7609 56959 0248
7609 56959 0432
7609 56959 0434
7609 56959 0436
