7878 57340 0454
7878 57340 0468
7878 57340 0544
7878 57340 0578
7878 57340 0631
7878 57340 0660
7878 57340 0749
7878 57340 0770
7878 57340 0782
7878 57340 0797
7878 57340 0858
7878 57340 0869
7878 57340 0970
7879 57359 0052
7879 57359 0098
7879 57359 0102
7879 57359 0117
7879 57359 0163
7879 57359 0166
7879 57359 0172
7879 57359 0174
7879 57359 0254
7879 57359 0256
7879 57359 0309
7879 57359 0320
7879 57359 0380
7879 57359 0448
7879 57359 0480
7879 57359 0583
7879 57359 0604
7879 57359 0614
7879 57359 0619
7879 57359 0629
7879 57359 0664
7879 57359 0665
7879 57359 0692
7879 57359 0698
7879 57359 0718
7879 57359 0744
7879 57359 0816
7879 57359 0844
7879 57359 0860
7879 57359 0896
7879 57359 0903
7880 57336 0005
7880 57336 0028
7880 57336 0064
7880 57336 0140
7880 57336 0219
7880 57336 0238
7880 57336 0248
7880 57336 0361
7880 57336 0365
7880 57336 0388
7880 57336 0431
7880 57336 0432
7880 57336 0530
7880 57336 0598
7880 57336 0632
7880 57336 0634
7880 57336 0706
7880 57336 0818
7880 57336 0820
7880 57336 0938
7880 57336 0990
7881 57282 0060
7881 57282 0128
7881 57282 0144
7881 57282 0222
7881 57282 0231
7881 57282 0242
7881 57282 0262
7881 57282 0292
7881 57282 0366
7881 57282 0384
7881 57282 0411
7881 57282 0484
7881 57282 0510
7881 57282 0538
7881 57282 0539
7881 57282 0596
7881 57282 0672
7881 57282 0684
7881 57282 0688
7881 57282 0723
7881 57282 0787
7881 57282 0799
7881 57282 0829
7881 57282 0880
7881 57282 0883
7883 57331 0014
7883 57331 0030
7883 57331 0045
7883 57331 0052
7883 57331 0070
7883 57331 0076
7883 57331 0125
7883 57331 0184
7883 57331 0213
7883 57331 0220
7883 57331 0254
7883 57331 0272
7883 57331 0295
7883 57331 0308
7883 57331 0312
7883 57331 0336
7883 57331 0347
7883 57331 0434
7883 57331 0706
7883 57331 0759
7883 57331 0773
7883 57331 0788
7883 57331 0820
7883 57331 0836
7883 57331 0849
7883 57331 0904
7883 57331 0959
7883 57331 0998
7885 57336 0008
7885 57336 0200
7885 57336 0204
7885 57336 0256
7885 57336 0266
7885 57336 0298
7885 57336 0303
7885 57336 0362
7885 57336 0428
7885 57336 0440
7885 57336 0470
7885 57336 0515
7885 57336 0698
7885 57336 0777
7885 57336 0794
7885 57336 0838
7885 57336 0919
7885 57336 0948
7885 57336 0964
7885 57336 0976
7891 57332 0062
7891 57332 0068
7891 57332 0082
7891 57332 0091
7891 57332 0202
7891 57332 0237
7891 57332 0292
7891 57332 0384
7891 57332 0417
7891 57332 0435
7891 57332 0457
7891 57332 0474
7891 57332 0494
7891 57332 0604
7891 57332 0640
7891 57332 0804
7891 57332 0980
7891 57332 0995
7892 57333 0013
7892 57333 0027
7892 57333 0061
7892 57333 0119
7892 57333 0129
7892 57333 0171
7892 57333 0172
7892 57333 0312
7892 57333 0390
7892 57333 0425
7892 57333 0454
7892 57333 0532
7892 57333 0569
7892 57333 0601
7892 57333 0640
7892 57333 0699
7892 57333 0774
7892 57333 0847
7892 57333 0874
7892 57333 0996
7893 57286 0006
7893 57286 0044
7893 57286 0099
7893 57286 0122
7893 57286 0124
7893 57286 0127
7893 57286 0219
7893 57286 0236
7893 57286 0368
7893 57286 0374
7893 57286 0402
7893 57286 0406
7893 57286 0408
7893 57286 0422
7893 57286 0444
7893 57286 0498
7893 57286 0522
7893 57286 0555
7893 57286 0557
7893 57286 0630
7893 57286 0674
7893 57286 0692
7893 57286 0735
7893 57286 0748
7893 57286 0761
7893 57286 0830
7893 57286 0840
7893 57286 0860
7893 57286 0895
7893 57286 0973
7893 57286 0982
7893 57286 0984
7894 57339 0045
7894 57339 0078
7894 57339 0082
7894 57339 0092
7894 57339 0192
7894 57339 0193
7894 57339 0194
7894 57339 0257
7894 57339 0272
7894 57339 0364
7894 57339 0455
7894 57339 0459
7894 57339 0532
7894 57339 0600
7894 57339 0637
7894 57339 0639
7894 57339 0686
7894 57339 0772
7894 57339 0832
7894 57339 0904
7894 57339 0935
7894 57339 0944
7894 57339 0991
7894 57339 1000
7898 57363 0004
7898 57363 0065
7898 57363 0094
7898 57363 0131
7898 57363 0158
7898 57363 0166
7898 57363 0210
7898 57363 0273
7898 57363 0386
7898 57363 0425
7898 57363 0450
7898 57363 0459
7898 57363 0586
7898 57363 0591
7898 57363 0613
7898 57363 0618
7898 57363 0650
7898 57363 0653
7898 57363 0666
7898 57363 0692
7898 57363 0722
7898 57363 0780
7898 57363 0794
7898 57363 0799
7898 57363 0815
7898 57363 0838
7898 57363 0861
7898 57363 0886
7898 57363 0910
7898 57363 0929
7898 57363 0946
7898 57363 0984
7900 57358 0030
7900 57358 0075
7900 57358 0090
7900 57358 0093
7900 57358 0112
7900 57358 0118
7900 57358 0120
7900 57358 0126
7900 57358 0130
7900 57358 0131
7900 57358 0134
7900 57358 0139
7900 57358 0160
7900 57358 0171
7900 57358 0188
7900 57358 0232
7900 57358 0238
7900 57358 0275
7900 57358 0295
7900 57358 0344
7900 57358 0383
7900 57358 0400
7900 57358 0404
7900 57358 0420
7900 57358 0440
7900 57358 0462
7900 57358 0568
7900 57358 0620
7900 57358 0638
7900 57358 0648
7900 57358 0724
7900 57358 0758
7900 57358 0791
7900 57358 0816
7900 57358 0870
7900 57358 0916
7900 57358 0943
7900 57358 0944
7902 57362 0019
7902 57362 0072
7902 57362 0103
7902 57362 0121
7902 57362 0138
7902 57362 0184
7902 57362 0200
7902 57362 0205
7902 57362 0332
7902 57362 0496
7902 57362 0524
7902 57362 0572
7902 57362 0635
7902 57362 0712
7902 57362 0737
7902 57362 0747
7902 57362 0758
7902 57362 0834
7902 57362 0858
7902 57362 0944
7904 57358 0021
7904 57358 0070
7904 57358 0071
7904 57358 0094
7904 57358 0121
7904 57358 0157
7904 57358 0313
7904 57358 0326
7904 57358 0334
7904 57358 0371
7904 57358 0508
7904 57358 0557
7904 57358 0559
7904 57358 0619
7904 57358 0644
7904 57358 0724
7904 57358 0815
7904 57358 0880
7904 57358 0898
7904 57358 0926
7904 57358 0928
7904 57358 0936
7904 57358 0937
7904 57358 0964
7906 57333 0081
7906 57333 0096
7906 57333 0097
7906 57333 0126
7906 57333 0171
7906 57333 0280
7906 57333 0310
7906 57333 0336
7906 57333 0380
7906 57333 0421
7906 57333 0508
7906 57333 0538
7906 57333 0599
7906 57333 0602
7906 57333 0626
7906 57333 0672
7906 57333 0678
7906 57333 0700
7906 57333 0796
7906 57333 0802
7906 57333 0826
7906 57333 0847
7906 57333 0922
7906 57333 0976
7912 57310 0058
7912 57310 0066
7912 57310 0072
7912 57310 0151
7912 57310 0202
7912 57310 0244
7912 57310 0252
7912 57310 0254
7912 57310 0316
7912 57310 0342
7912 57310 0364
7912 57310 0376
7912 57310 0378
7912 57310 0384
7912 57310 0404
7912 57310 0405
7912 57310 0473
7912 57310 0496
7912 57310 0525
7912 57310 0552
7912 57310 0558
7912 57310 0588
7912 57310 0623
7912 57310 0651
7912 57310 0734
7912 57310 0743
7912 57310 0808
7912 57310 0810
7912 57310 0838
7912 57310 0848
7912 57310 0971
7912 57310 0972
7913 57333 0012
7913 57333 0020
7913 57333 0021
7913 57333 0064
7913 57333 0161
7913 57333 0164
7913 57333 0190
7913 57333 0216
7913 57333 0248
7913 57333 0268
7913 57333 0312
7913 57333 0332
7913 57333 0399
7913 57333 0410
7913 57333 0489
7913 57333 0511
7913 57333 0600
7913 57333 0744
7913 57333 0746
7913 57333 0811
7913 57333 0962
7913 57333 0978
7913 57333 1000
7914 57331 0046
7914 57331 0071
7914 57331 0124
7914 57331 0128
7914 57331 0129
7914 57331 0133
7914 57331 0152
7914 57331 0155
7914 57331 0162
7914 57331 0252
7914 57331 0292
7914 57331 0316
7914 57331 0318
7914 57331 0363
7914 57331 0402
7914 57331 0458
7914 57331 0482
7914 57331 0531
7914 57331 0542
7914 57331 0549
7914 57331 0564
7914 57331 0590
7914 57331 0638
7914 57331 0649
7914 57331 0652
7914 57331 0682
7914 57331 0707
7914 57331 0756
7914 57331 0768
7914 57331 0795
7914 57331 0803
7914 57331 0868
7914 57331 0875
7914 57331 0877
7914 57331 0880
7914 57331 0896
7914 57331 0918
7915 57309 0064
7915 57309 0092
7915 57309 0110
7915 57309 0157
7915 57309 0202
7915 57309 0220
7915 57309 0230
7915 57309 0264
7915 57309 0302
7915 57309 0330
7915 57309 0378
7915 57309 0414
7915 57309 0433
7915 57309 0439
7915 57309 0444
7915 57309 0450
7915 57309 0476
7915 57309 0533
7915 57309 0568
7915 57309 0570
7915 57309 0605
7915 57309 0718
7915 57309 0720
7915 57309 0749
7915 57309 0765
7915 57309 0831
7915 57309 0869
7915 57309 0877
7915 57309 0878
7915 57309 0933
7915 57309 0972
7915 57309 0976
8054 57194 0008
8054 57194 0076
8054 57194 0086
8054 57194 0104
8054 57194 0105
8054 57194 0202
8054 57194 0236
8054 57194 0254
8054 57194 0308
8054 57194 0453
8054 57194 0493
8054 57194 0512
8054 57194 0582
8054 57194 0598
8054 57194 0601
8054 57194 0604
8054 57194 0845
8054 57194 0850
8054 57194 0858
8054 57194 0898
8054 57194 0927
8054 57194 1000
8055 57187 0001
8055 57187 0010
8055 57187 0011
8055 57187 0024
8055 57187 0036
8055 57187 0040
8055 57187 0045
8055 57187 0132
8055 57187 0200
8055 57187 0203
8055 57187 0363
8055 57187 0366
8055 57187 0414
8055 57187 0525
8055 57187 0555
8055 57187 0600
8055 57187 0603
8055 57187 0638
8055 57187 0659
8055 57187 0717
8055 57187 0732
8055 57187 0762
8055 57187 0770
8055 57187 0781
8055 57187 0797
8055 57187 0821
8055 57187 0890
8055 57187 0966
8055 57187 0992
8055 57187 0995
8055 57187 0999
8056 57186 0063
8056 57186 0064
8056 57186 0104
8056 57186 0134
8056 57186 0146
8056 57186 0156
8056 57186 0160
8056 57186 0251
8056 57186 0260
8056 57186 0360
8056 57186 0421
8056 57186 0434
8056 57186 0478
8056 57186 0557
8056 57186 0631
8056 57186 0642
8056 57186 0654
8056 57186 0687
8056 57186 0763
8056 57186 0866
8056 57186 0894
8056 57186 0895
8056 57186 0925
8056 57186 0932
8056 57186 0973
8057 57190 0018
8057 57190 0026
8057 57190 0096
8057 57190 0098
8057 57190 0103
8057 57190 0110
8057 57190 0136
8057 57190 0232
8057 57190 0281
8057 57190 0325
8057 57190 0389
8057 57190 0399
8057 57190 0434
8057 57190 0466
8057 57190 0470
8057 57190 0506
8057 57190 0544
8057 57190 0650
8057 57190 0712
8057 57190 0728
8057 57190 0761
8057 57190 0785
8057 57190 0827
8057 57190 0840
8057 57190 0848
8057 57190 0860
8057 57190 0867
8057 57190 0870
8057 57190 0871
8057 57190 0874
8057 57190 0886
8057 57190 0912
8057 57190 0919
8057 57190 0929
8058 57196 0025
8058 57196 0032
8058 57196 0093
8058 57196 0104
8058 57196 0158
8058 57196 0236
8058 57196 0320
8058 57196 0336
8058 57196 0397
8058 57196 0514
8058 57196 0521
8058 57196 0652
8058 57196 0664
8058 57196 0679
8058 57196 0688
8058 57196 0693
8058 57196 0694
8058 57196 0744
8058 57196 0761
8058 57196 0786
8058 57196 0812
8058 57196 0813
8058 57196 0823
8058 57196 0865
8058 57196 0894
8058 57196 0908
8058 57196 0912
8068 57185 0008
8068 57185 0018
8068 57185 0033
8068 57185 0045
8068 57185 0147
8068 57185 0159
8068 57185 0170
8068 57185 0173
8068 57185 0231
8068 57185 0246
8068 57185 0250
8068 57185 0284
8068 57185 0326
8068 57185 0364
8068 57185 0369
8068 57185 0371
8068 57185 0376
8068 57185 0385
8068 57185 0454
8068 57185 0494
8068 57185 0618
8068 57185 0619
8068 57185 0658
8068 57185 0670
8068 57185 0703
8068 57185 0731
8068 57185 0799
8068 57185 0825
8068 57185 0830
8068 57185 0834
8068 57185 0839
8068 57185 0843
8068 57185 0880
8068 57185 0892
8068 57185 0958
8068 57185 0989
8159 57064 0054
8159 57064 0099
8159 57064 0186
8159 57064 0188
8159 57064 0212
8159 57064 0252
8159 57064 0300
8159 57064 0318
8159 57064 0438
8159 57064 0444
8159 57064 0533
8159 57064 0534
8159 57064 0535
8159 57064 0586
8159 57064 0600
8159 57064 0638
8159 57064 0642
8159 57064 0677
8159 57064 0722
8159 57064 0744
8159 57064 0804
8159 57064 0836
8159 57064 0860
8159 57064 0865
8159 57064 0901
8159 57064 0942
8160 57071 0040
8160 57071 0056
8160 57071 0136
8160 57071 0167
8160 57071 0195
8160 57071 0209
8160 57071 0210
8160 57071 0256
8160 57071 0316
8160 57071 0328
8160 57071 0362
8160 57071 0416
8160 57071 0506
8160 57071 0538
8160 57071 0571
8160 57071 0584
8160 57071 0590
8160 57071 0656
8160 57071 0698
8160 57071 0820
8160 57071 0840
8160 57071 0849
8160 57071 0890
8160 57071 0898
8160 57071 0910
8160 57071 0911
8160 57071 0912
8160 57071 0936
8160 57071 0964
8160 57071 0981
8161 57127 0008
8161 57127 0150
8161 57127 0155
8161 57127 0181
8161 57127 0186
8161 57127 0190
8161 57127 0260
8161 57127 0267
8161 57127 0406
8161 57127 0410
8161 57127 0496
8161 57127 0518
8161 57127 0520
8161 57127 0576
8161 57127 0638
8161 57127 0642
8161 57127 0766
8161 57127 0844
8161 57127 0850
8162 56993 0017
8162 56993 0018
8162 56993 0069
8162 56993 0082
8162 56993 0090
8162 56993 0099
8162 56993 0118
8162 56993 0125
8162 56993 0126
8162 56993 0153
8162 56993 0164
8162 56993 0184
8162 56993 0213
8162 56993 0229
8162 56993 0345
8162 56993 0376
8162 56993 0378
8162 56993 0380
8162 56993 0476
8162 56993 0570
8162 56993 0658
8162 56993 0689
8162 56993 0704
8162 56993 0711
8162 56993 0721
8162 56993 0738
8162 56993 0783
8162 56993 0863
8162 56993 0870
8162 56993 0953
8163 57049 0034
8163 57049 0061
8163 57049 0125
8163 57049 0126
8163 57049 0141
8163 57049 0160
8163 57049 0175
8163 57049 0258
8163 57049 0260
8163 57049 0270
8163 57049 0272
8163 57049 0327
8163 57049 0350
8163 57049 0370
8163 57049 0374
8163 57049 0375
8163 57049 0481
8163 57049 0482
8163 57049 0566
8163 57049 0596
8163 57049 0616
8163 57049 0636
8163 57049 0758
8163 57049 0769
8163 57049 0772
8163 57049 0778
8163 57049 0804
8163 57049 0854
8163 57049 0887
8163 57049 0895
8163 57049 0897
8163 57049 0922
8163 57049 0994
8163 57049 0995
8164 57127 0011
8164 57127 0017
8164 57127 0032
8164 57127 0059
8164 57127 0222
8164 57127 0227
8164 57127 0261
8164 57127 0324
8164 57127 0334
8164 57127 0344
8164 57127 0375
8164 57127 0406
8164 57127 0456
8164 57127 0460
8164 57127 0488
8164 57127 0652
8164 57127 0672
8164 57127 0693
8164 57127 0695
8164 57127 0730
8164 57127 0736
8164 57127 0754
8164 57127 0756
8164 57127 0760
8164 57127 0772
8164 57127 0774
8164 57127 0787
8164 57127 0795
8164 57127 0800
8164 57127 0874
8164 57127 0974
8164 57127 0998
8165 57374 0032
8165 57374 0066
8165 57374 0106
8165 57374 0112
8165 57374 0154
8165 57374 0170
8165 57374 0174
8165 57374 0178
8165 57374 0180
8165 57374 0198
8165 57374 0339
8165 57374 0378
8165 57374 0441
8165 57374 0452
8165 57374 0506
8165 57374 0509
8165 57374 0511
8165 57374 0550
8165 57374 0570
8165 57374 0572
8165 57374 0629
8165 57374 0644
8165 57374 0646
8165 57374 0671
8165 57374 0712
8165 57374 0722
8165 57374 0727
8165 57374 0784
8165 57374 0820
8165 57374 0887
8165 57374 0892
8165 57374 0984
8166 57130 0084
8166 57130 0095
8166 57130 0116
8166 57130 0123
8166 57130 0167
8166 57130 0226
8166 57130 0248
8166 57130 0250
8166 57130 0256
8166 57130 0258
8166 57130 0260
8166 57130 0340
8166 57130 0379
8166 57130 0394
8166 57130 0602
8166 57130 0617
8166 57130 0646
8166 57130 0712
8166 57130 0718
8166 57130 0748
8166 57130 0753
8166 57130 0786
8166 57130 0797
8166 57130 0892
8166 57130 0944
8166 57130 0961
8166 57130 0962
8166 57130 0984
8167 57071 0004
8167 57071 0040
8167 57071 0064
8167 57071 0084
8167 57071 0087
8167 57071 0112
8167 57071 0114
8167 57071 0119
8167 57071 0128
8167 57071 0148
8167 57071 0192
8167 57071 0228
8167 57071 0266
8167 57071 0279
8167 57071 0288
8167 57071 0323
8167 57071 0328
8167 57071 0342
8167 57071 0380
8167 57071 0399
8167 57071 0401
8167 57071 0452
8167 57071 0454
8167 57071 0458
8167 57071 0486
8167 57071 0554
8167 57071 0564
8167 57071 0616
8167 57071 0622
8167 57071 0662
8167 57071 0705
8167 57071 0772
8167 57071 0792
8167 57071 0840
8167 57071 0896
8167 57071 0920
8167 57071 0960
8167 57071 0994
8167 57071 0996
8168 56992 0040
8168 56992 0042
8168 56992 0052
8168 56992 0139
8168 56992 0166
8168 56992 0167
8168 56992 0174
8168 56992 0197
8168 56992 0228
8168 56992 0232
8168 56992 0242
8168 56992 0250
8168 56992 0301
8168 56992 0308
8168 56992 0315
8168 56992 0334
8168 56992 0350
8168 56992 0356
8168 56992 0364
8168 56992 0379
8168 56992 0455
8168 56992 0488
8168 56992 0508
8168 56992 0510
8168 56992 0571
8168 56992 0572
8168 56992 0577
8168 56992 0600
8168 56992 0616
8168 56992 0689
8168 56992 0745
8168 56992 0790
8168 56992 0810
8168 56992 0815
8168 56992 0827
8168 56992 0870
8168 56992 0873
8168 56992 0874
8168 56992 0882
8168 56992 0885
8168 56992 0888
8168 56992 0952
8168 56992 0980
8169 57071 0024
8169 57071 0030
8169 57071 0064
8169 57071 0078
8169 57071 0088
8169 57071 0110
8169 57071 0152
8169 57071 0196
8169 57071 0218
8169 57071 0270
8169 57071 0289
8169 57071 0290
8169 57071 0303
8169 57071 0310
8169 57071 0397
8169 57071 0417
8169 57071 0420
8169 57071 0472
8169 57071 0478
8169 57071 0541
8169 57071 0588
8169 57071 0640
8169 57071 0692
8169 57071 0736
8169 57071 0756
8169 57071 0758
8169 57071 0823
8169 57071 0833
8169 57071 0853
8169 57071 0859
8169 57071 0890
8169 57071 0900
8169 57071 0919
8169 57071 0967
8169 57071 0972
8169 57071 0983
8169 57071 0984
8170 57131 0024
8170 57131 0048
8170 57131 0076
8170 57131 0077
8170 57131 0086
8170 57131 0120
8170 57131 0194
8170 57131 0234
8170 57131 0298
8170 57131 0345
8170 57131 0356
8170 57131 0366
8170 57131 0437
8170 57131 0461
8170 57131 0496
8170 57131 0506
8170 57131 0523
8170 57131 0529
8170 57131 0604
8170 57131 0674
8170 57131 0752
8170 57131 0764
8170 57131 0927
8170 57131 0952
8170 57131 0970
8170 57131 0972
8171 57135 0024
8171 57135 0066
8171 57135 0076
8171 57135 0116
8171 57135 0117
8171 57135 0118
8171 57135 0176
8171 57135 0288
8171 57135 0328
8171 57135 0359
8171 57135 0433
8171 57135 0444
8171 57135 0452
8171 57135 0457
8171 57135 0461
8171 57135 0466
8171 57135 0474
8171 57135 0535
8171 57135 0578
8171 57135 0580
8171 57135 0616
8171 57135 0643
8171 57135 0659
8171 57135 0716
8171 57135 0738
8171 57135 0768
8171 57135 0772
8171 57135 0796
8171 57135 0797
8171 57135 0805
8171 57135 0837
8171 57135 0839
8171 57135 0865
8171 57135 0873
8171 57135 0921
8171 57135 0924
8171 57135 0927
8171 57135 0939
8171 57135 0978
8172 57423 0016
8172 57423 0027
8172 57423 0045
8172 57423 0046
8172 57423 0084
8172 57423 0098
8172 57423 0104
8172 57423 0105
8172 57423 0106
8172 57423 0107
8172 57423 0108
8172 57423 0197
8172 57423 0216
8172 57423 0218
8172 57423 0226
8172 57423 0273
8172 57423 0406
8172 57423 0424
8172 57423 0426
8172 57423 0472
8172 57423 0476
8172 57423 0558
8172 57423 0569
8172 57423 0574
8172 57423 0580
8172 57423 0630
8172 57423 0650
8172 57423 0660
8172 57423 0688
8172 57423 0702
8172 57423 0704
8172 57423 0709
8172 57423 0858
8172 57423 0887
8172 57423 0986
8172 57423 1000
8173 57375 0036
8173 57375 0088
8173 57375 0095
8173 57375 0104
8173 57375 0197
8173 57375 0240
8173 57375 0278
8173 57375 0281
8173 57375 0368
8173 57375 0433
8173 57375 0467
8173 57375 0500
8173 57375 0506
8173 57375 0523
8173 57375 0556
8173 57375 0611
8173 57375 0654
8173 57375 0756
8173 57375 0764
8173 57375 0795
8173 57375 0797
8173 57375 0820
8173 57375 0846
8173 57375 0850
8173 57375 0994
8174 57374 0002
8174 57374 0047
8174 57374 0216
8174 57374 0220
8174 57374 0252
8174 57374 0255
8174 57374 0257
8174 57374 0279
8174 57374 0299
8174 57374 0383
8174 57374 0420
8174 57374 0434
8174 57374 0440
8174 57374 0442
8174 57374 0474
8174 57374 0480
8174 57374 0572
8174 57374 0606
8174 57374 0623
8174 57374 0626
8174 57374 0631
8174 57374 0649
8174 57374 0695
8174 57374 0699
8174 57374 0702
8174 57374 0704
8174 57374 0753
8174 57374 0758
8174 57374 0759
8174 57374 0782
8174 57374 0864
8174 57374 0870
8174 57374 0882
8174 57374 0883
8174 57374 0888
8174 57374 0949
8175 57039 0003
8175 57039 0070
8175 57039 0087
8175 57039 0093
8175 57039 0110
8175 57039 0164
8175 57039 0180
8175 57039 0212
8175 57039 0228
8175 57039 0258
8175 57039 0268
8175 57039 0269
8175 57039 0306
8175 57039 0312
8175 57039 0327
8175 57039 0446
8175 57039 0458
8175 57039 0460
8175 57039 0539
8175 57039 0556
8175 57039 0591
8175 57039 0594
8175 57039 0629
8175 57039 0663
8175 57039 0664
8175 57039 0686
8175 57039 0714
8175 57039 0881
8175 57039 0911
8175 57039 0986
8175 57039 0997
8176 57131 0071
8176 57131 0092
8176 57131 0102
8176 57131 0126
8176 57131 0180
8176 57131 0205
8176 57131 0259
8176 57131 0274
8176 57131 0344
8176 57131 0369
8176 57131 0457
8176 57131 0468
8176 57131 0507
8176 57131 0549
8176 57131 0566
8176 57131 0579
8176 57131 0584
8176 57131 0590
8176 57131 0592
8176 57131 0620
8176 57131 0642
8176 57131 0701
8176 57131 0758
8176 57131 0762
8176 57131 0796
8176 57131 0829
8176 57131 0838
8176 57131 0862
8176 57131 0880
8176 57131 0935
8176 57131 0950
8176 57131 0956
8177 57374 0172
8177 57374 0174
8177 57374 0176
8177 57374 0177
8177 57374 0180
8177 57374 0232
8177 57374 0238
8177 57374 0311
8177 57374 0313
8177 57374 0317
8177 57374 0321
8177 57374 0357
8177 57374 0362
8177 57374 0370
8177 57374 0384
8177 57374 0397
8177 57374 0408
8177 57374 0462
8177 57374 0515
8177 57374 0572
8177 57374 0644
8177 57374 0646
8177 57374 0651
8177 57374 0680
8177 57374 0698
8177 57374 0741
8177 57374 0770
8177 57374 0786
8177 57374 0815
8177 57374 0853
8177 57374 0887
8177 57374 0900
8177 57374 0910
8177 57374 0921
8177 57374 0958
8177 57374 0966
8178 57428 0032
8178 57428 0081
8178 57428 0109
8178 57428 0138
8178 57428 0220
8178 57428 0256
8178 57428 0270
8178 57428 0276
8178 57428 0342
8178 57428 0343
8178 57428 0344
8178 57428 0356
8178 57428 0380
8178 57428 0406
8178 57428 0466
8178 57428 0476
8178 57428 0532
8178 57428 0545
8178 57428 0572
8178 57428 0608
8178 57428 0638
8178 57428 0702
8178 57428 0729
8178 57428 0742
8178 57428 0746
8178 57428 0784
8178 57428 0804
8178 57428 0840
8178 57428 0842
8178 57428 0845
8178 57428 0848
8178 57428 0852
8178 57428 0876
8178 57428 0878
8178 57428 0892
8178 57428 0900
8178 57428 0902
8178 57428 0926
8178 57428 0934
8178 57428 0982
8179 57429 0088
8179 57429 0122
8179 57429 0190
8179 57429 0212
8179 57429 0234
8179 57429 0287
8179 57429 0288
8179 57429 0378
8179 57429 0440
8179 57429 0446
8179 57429 0468
8179 57429 0477
8179 57429 0478
8179 57429 0483
8179 57429 0495
8179 57429 0496
8179 57429 0498
8179 57429 0513
8179 57429 0514
8179 57429 0574
8179 57429 0579
8179 57429 0638
8179 57429 0681
8179 57429 0702
8179 57429 0746
8179 57429 0761
8179 57429 0788
8179 57429 0802
8179 57429 0810
8179 57429 0814
8179 57429 0818
8179 57429 0822
8179 57429 0846
8179 57429 0892
8179 57429 0910
8179 57429 0942
8179 57429 0944
8180 57345 0056
8180 57345 0066
8180 57345 0089
8180 57345 0119
8180 57345 0123
8180 57345 0147
8180 57345 0152
8180 57345 0165
8180 57345 0169
8180 57345 0194
8180 57345 0200
8180 57345 0204
8180 57345 0239
8180 57345 0252
8180 57345 0258
8180 57345 0263
8180 57345 0288
8180 57345 0366
8180 57345 0368
8180 57345 0390
8180 57345 0436
8180 57345 0456
8180 57345 0575
8180 57345 0631
8180 57345 0670
8180 57345 0852
8180 57345 0854
8180 57345 0855
8180 57345 0857
8180 57345 0892
8180 57345 0899
8180 57345 0900
8180 57345 0906
8180 57345 0912
8180 57345 0917
8180 57345 0919
8180 57345 0952
8180 57345 0981
8180 57345 0982
8180 57345 0988
8180 57345 0998
8181 57073 0036
8181 57073 0086
8181 57073 0144
8181 57073 0166
8181 57073 0187
8181 57073 0190
8181 57073 0224
8181 57073 0264
8181 57073 0276
8181 57073 0352
8181 57073 0360
8181 57073 0366
8181 57073 0375
8181 57073 0380
8181 57073 0441
8181 57073 0458
8181 57073 0559
8181 57073 0572
8181 57073 0588
8181 57073 0595
8181 57073 0650
8181 57073 0671
8181 57073 0721
8181 57073 0790
8181 57073 0809
8181 57073 0825
8181 57073 0826
8181 57073 0842
8181 57073 0844
8181 57073 0866
8181 57073 0915
8181 57073 0934
8182 56993 0022
8182 56993 0032
8182 56993 0048
8182 56993 0054
8182 56993 0072
8182 56993 0086
8182 56993 0090
8182 56993 0128
8182 56993 0172
8182 56993 0175
8182 56993 0200
8182 56993 0209
8182 56993 0212
8182 56993 0257
8182 56993 0264
8182 56993 0273
8182 56993 0300
8182 56993 0302
8182 56993 0311
8182 56993 0313
8182 56993 0341
8182 56993 0343
8182 56993 0390
8182 56993 0450
8182 56993 0489
8182 56993 0499
8182 56993 0560
8182 56993 0580
8182 56993 0626
8182 56993 0630
8182 56993 0649
8182 56993 0663
8182 56993 0674
8182 56993 0685
8182 56993 0707
8182 56993 0722
8182 56993 0724
8182 56993 0740
8182 56993 0790
8182 56993 0806
8182 56993 0834
8182 56993 0926
8182 56993 0930
8182 56993 0936
8182 56993 0944
8182 56993 0994
8183 57375 0031
8183 57375 0082
8183 57375 0084
8183 57375 0088
8183 57375 0120
8183 57375 0121
8183 57375 0124
8183 57375 0139
8183 57375 0144
8183 57375 0174
8183 57375 0179
8183 57375 0191
8183 57375 0192
8183 57375 0276
8183 57375 0347
8183 57375 0350
8183 57375 0390
8183 57375 0413
8183 57375 0444
8183 57375 0454
8183 57375 0478
8183 57375 0583
8183 57375 0587
8183 57375 0666
8183 57375 0676
8183 57375 0677
8183 57375 0724
8183 57375 0807
8183 57375 0814
8183 57375 0891
8183 57375 0895
8183 57375 0926
8184 57426 0036
8184 57426 0062
8184 57426 0111
8184 57426 0140
8184 57426 0144
8184 57426 0172
8184 57426 0178
8184 57426 0190
8184 57426 0191
8184 57426 0192
8184 57426 0292
8184 57426 0320
8184 57426 0350
8184 57426 0384
8184 57426 0388
8184 57426 0400
8184 57426 0517
8184 57426 0554
8184 57426 0594
8184 57426 0597
8184 57426 0622
8184 57426 0699
8184 57426 0704
8184 57426 0757
8184 57426 0758
8184 57426 0768
8184 57426 0798
8184 57426 0846
8184 57426 0859
8184 57426 0905
8184 57426 0927
8184 57426 0929
8184 57426 0935
8184 57426 0974
8185 57431 0053
8185 57431 0089
8185 57431 0101
8185 57431 0126
8185 57431 0150
8185 57431 0184
8185 57431 0196
8185 57431 0202
8185 57431 0228
8185 57431 0242
8185 57431 0348
8185 57431 0450
8185 57431 0461
8185 57431 0476
8185 57431 0497
8185 57431 0498
8185 57431 0515
8185 57431 0516
8185 57431 0518
8185 57431 0558
8185 57431 0560
8185 57431 0566
8185 57431 0596
8185 57431 0709
8185 57431 0801
8185 57431 0815
8185 57431 0877
8185 57431 0893
8185 57431 0898
8185 57431 0970
8186 57452 0014
8186 57452 0040
8186 57452 0044
8186 57452 0050
8186 57452 0052
8186 57452 0100
8186 57452 0116
8186 57452 0120
8186 57452 0142
8186 57452 0154
8186 57452 0163
8186 57452 0174
8186 57452 0276
8186 57452 0319
8186 57452 0336
8186 57452 0350
8186 57452 0360
8186 57452 0371
8186 57452 0387
8186 57452 0398
8186 57452 0471
8186 57452 0490
8186 57452 0566
8186 57452 0586
8186 57452 0588
8186 57452 0612
8186 57452 0664
8186 57452 0726
8186 57452 0735
8186 57452 0790
8186 57452 0827
8186 57452 0859
8186 57452 0953
8186 57452 0958
8186 57452 0988
8187 57423 0031
8187 57423 0063
8187 57423 0072
8187 57423 0102
8187 57423 0128
8187 57423 0172
8187 57423 0182
8187 57423 0192
8187 57423 0198
8187 57423 0200
8187 57423 0233
8187 57423 0239
8187 57423 0260
8187 57423 0262
8187 57423 0285
8187 57423 0296
8187 57423 0306
8187 57423 0308
8187 57423 0350
8187 57423 0421
8187 57423 0452
8187 57423 0460
8187 57423 0500
8187 57423 0502
8187 57423 0540
8187 57423 0559
8187 57423 0564
8187 57423 0568
8187 57423 0572
8187 57423 0588
8187 57423 0664
8187 57423 0690
8187 57423 0704
8187 57423 0705
8187 57423 0722
8187 57423 0732
8187 57423 0760
8187 57423 0811
8187 57423 0821
8187 57423 0868
8187 57423 0877
8187 57423 0882
8187 57423 0885
8187 57423 0920
8187 57423 0943
8188 57348 0016
8188 57348 0116
8188 57348 0150
8188 57348 0291
8188 57348 0317
8188 57348 0322
8188 57348 0329
8188 57348 0336
8188 57348 0350
8188 57348 0352
8188 57348 0362
8188 57348 0368
8188 57348 0378
8188 57348 0473
8188 57348 0489
8188 57348 0500
8188 57348 0512
8188 57348 0521
8188 57348 0532
8188 57348 0538
8188 57348 0540
8188 57348 0551
8188 57348 0640
8188 57348 0658
8188 57348 0662
8188 57348 0692
8188 57348 0703
8188 57348 0816
8188 57348 0818
8188 57348 0831
8188 57348 0840
8188 57348 0850
8188 57348 0902
8188 57348 0913
8188 57348 0925
8188 57348 0951
8188 57348 0952
8188 57348 0957
8188 57348 0958
8188 57348 0995
8189 57448 0032
8189 57448 0050
8189 57448 0053
8189 57448 0054
8189 57448 0086
8189 57448 0102
8189 57448 0113
8189 57448 0159
8189 57448 0198
8189 57448 0202
8189 57448 0210
8189 57448 0259
8189 57448 0290
8189 57448 0379
8189 57448 0386
8189 57448 0425
8189 57448 0442
8189 57448 0446
8189 57448 0449
8189 57448 0482
8189 57448 0493
8189 57448 0527
8189 57448 0608
8189 57448 0610
8189 57448 0636
8189 57448 0639
8189 57448 0652
8189 57448 0659
8189 57448 0729
8189 57448 0735
8189 57448 0743
8189 57448 0750
8189 57448 0787
8189 57448 0806
8189 57448 0818
8189 57448 0880
8189 57448 0907
8189 57448 0932
8189 57448 0953
8189 57448 0966
8189 57448 0974
8189 57448 0979
8190 57448 0010
8190 57448 0019
8190 57448 0111
8190 57448 0114
8190 57448 0134
8190 57448 0150
8190 57448 0161
8190 57448 0200
8190 57448 0226
8190 57448 0228
8190 57448 0242
8190 57448 0298
8190 57448 0346
8190 57448 0348
8190 57448 0351
8190 57448 0376
8190 57448 0390
8190 57448 0636
8190 57448 0680
8190 57448 0722
8190 57448 0728
8190 57448 0734
8190 57448 0800
8190 57448 0816
8190 57448 0835
8190 57448 0836
8190 57448 0850
8190 57448 0858
8190 57448 0913
8190 57448 0924
8190 57448 0944
8190 57448 0952
8191 57390 0076
8191 57390 0118
8191 57390 0160
8191 57390 0171
8191 57390 0174
8191 57390 0194
8191 57390 0196
8191 57390 0206
8191 57390 0220
8191 57390 0236
8191 57390 0256
8191 57390 0265
8191 57390 0273
8191 57390 0274
8191 57390 0285
8191 57390 0321
8191 57390 0359
8191 57390 0399
8191 57390 0420
8191 57390 0503
8191 57390 0570
8191 57390 0590
8191 57390 0635
8191 57390 0683
8191 57390 0780
8191 57390 0790
8191 57390 0816
8191 57390 0820
8191 57390 0823
8191 57390 0862
8191 57390 0874
8191 57390 0959
8191 57390 0969
8191 57390 0986
8191 57390 0988
8192 57348 0022
8192 57348 0090
8192 57348 0132
8192 57348 0188
8192 57348 0192
8192 57348 0326
8192 57348 0340
8192 57348 0355
8192 57348 0368
8192 57348 0389
8192 57348 0404
8192 57348 0446
8192 57348 0507
8192 57348 0542
8192 57348 0560
8192 57348 0565
8192 57348 0576
8192 57348 0600
8192 57348 0607
8192 57348 0609
8192 57348 0639
8192 57348 0643
8192 57348 0672
8192 57348 0722
8192 57348 0872
8192 57348 0920
8193 57333 0034
8193 57333 0046
8193 57333 0072
8193 57333 0076
8193 57333 0107
8193 57333 0113
8193 57333 0132
8193 57333 0154
8193 57333 0172
8193 57333 0176
8193 57333 0242
8193 57333 0272
8193 57333 0285
8193 57333 0296
8193 57333 0298
8193 57333 0314
8193 57333 0316
8193 57333 0349
8193 57333 0353
8193 57333 0375
8193 57333 0376
8193 57333 0406
8193 57333 0448
8193 57333 0454
8193 57333 0468
8193 57333 0498
8193 57333 0556
8193 57333 0562
8193 57333 0569
8193 57333 0601
8193 57333 0606
8193 57333 0628
8193 57333 0629
8193 57333 0642
8193 57333 0667
8193 57333 0680
8193 57333 0682
8193 57333 0738
8193 57333 0800
8193 57333 0842
8193 57333 0852
8193 57333 0880
8193 57333 0892
8193 57333 0901
8193 57333 0902
8193 57333 0905
8193 57333 0924
8193 57333 0934
8193 57333 0937
8193 57333 0968
8193 57333 1000
8194 57401 0024
8194 57401 0097
8194 57401 0111
8194 57401 0140
8194 57401 0144
8194 57401 0175
8194 57401 0183
8194 57401 0312
8194 57401 0354
8194 57401 0356
8194 57401 0366
8194 57401 0422
8194 57401 0443
8194 57401 0460
8194 57401 0470
8194 57401 0477
8194 57401 0527
8194 57401 0571
8194 57401 0648
8194 57401 0650
8194 57401 0676
8194 57401 0766
8194 57401 0785
8194 57401 0794
8194 57401 0822
8194 57401 0844
8194 57401 0897
8194 57401 0946
8194 57401 0960
8195 57391 0060
8195 57391 0108
8195 57391 0132
8195 57391 0241
8195 57391 0242
8195 57391 0243
8195 57391 0305
8195 57391 0366
8195 57391 0378
8195 57391 0424
8195 57391 0438
8195 57391 0466
8195 57391 0471
8195 57391 0582
8195 57391 0622
8195 57391 0677
8195 57391 0707
8195 57391 0718
8195 57391 0764
8195 57391 0768
8195 57391 0786
8195 57391 0828
8195 57391 0893
8195 57391 0937
8195 57391 0948
8195 57391 0965
8195 57391 0984
8195 57391 0994
8195 57391 0999
8196 57346 0018
8196 57346 0036
8196 57346 0096
8196 57346 0100
8196 57346 0156
8196 57346 0157
8196 57346 0396
8196 57346 0456
8196 57346 0494
8196 57346 0526
8196 57346 0565
8196 57346 0624
8196 57346 0703
8196 57346 0720
8196 57346 0728
8196 57346 0756
8196 57346 0788
8196 57346 0804
8196 57346 0813
8196 57346 0861
8196 57346 0862
8196 57346 0942
8196 57346 0972
8196 57346 0981
8196 57346 0984
8196 57346 0996
8197 57064 0031
8197 57064 0062
8197 57064 0065
8197 57064 0103
8197 57064 0142
8197 57064 0201
8197 57064 0342
8197 57064 0410
8197 57064 0430
8197 57064 0438
8197 57064 0493
8197 57064 0530
8197 57064 0560
8197 57064 0584
8197 57064 0657
8197 57064 0669
8197 57064 0757
8197 57064 0931
8197 57064 0935
8197 57064 0938
8198 57374 0004
8198 57374 0058
8198 57374 0087
8198 57374 0130
8198 57374 0135
8198 57374 0218
8198 57374 0262
8198 57374 0312
8198 57374 0320
8198 57374 0348
8198 57374 0392
8198 57374 0411
8198 57374 0429
8198 57374 0487
8198 57374 0519
8198 57374 0534
8198 57374 0634
8198 57374 0638
8198 57374 0660
8198 57374 0673
