7845 56980 0437
7845 56980 0440
7845 56980 0548
7845 56980 0633
7845 56980 0635
7845 56980 0672
7845 56980 0730
7845 56980 0758
7845 56980 0844
7845 56980 0854
7845 56980 0864
7845 56980 0873
7845 56980 0874
7845 56980 0896
7846 56984 0057
7846 56984 0077
7846 56984 0092
7846 56984 0210
7846 56984 0310
7846 56984 0350
7846 56984 0498
7846 56984 0505
7846 56984 0530
7846 56984 0558
7846 56984 0581
7846 56984 0600
7846 56984 0613
7846 56984 0625
7846 56984 0778
7846 56984 0804
7846 56984 0815
7846 56984 0844
7846 56984 0896
7846 56984 0938
7846 56984 0958
7847 57012 0031
7847 57012 0037
7847 57012 0060
7847 57012 0064
7847 57012 0072
7847 57012 0105
7847 57012 0109
7847 57012 0130
7847 57012 0188
7847 57012 0192
7847 57012 0208
7847 57012 0381
7847 57012 0484
7847 57012 0488
7847 57012 0519
7847 57012 0540
7847 57012 0662
7847 57012 0896
7847 57012 0904
7847 57012 0924
7847 57012 0928
7847 57012 1000
7848 56959 0005
7848 56959 0011
7848 56959 0158
7848 56959 0180
7848 56959 0190
7848 56959 0191
7848 56959 0290
7848 56959 0292
7848 56959 0340
7848 56959 0431
7848 56959 0440
7848 56959 0442
7848 56959 0486
7848 56959 0488
7848 56959 0541
7848 56959 0594
7848 56959 0662
7848 56959 0671
7848 56959 0720
7848 56959 0792
7848 56959 0793
7848 56959 0890
7848 56959 0926
7849 56980 0076
7849 56980 0122
7849 56980 0147
7849 56980 0184
7849 56980 0195
7849 56980 0196
7849 56980 0224
7849 56980 0240
7849 56980 0272
7849 56980 0278
7849 56980 0318
7849 56980 0336
7849 56980 0370
7849 56980 0527
7849 56980 0622
7849 56980 0665
7849 56980 0683
7849 56980 0861
7849 56980 0866
7849 56980 0872
7849 56980 0877
7849 56980 0907
7849 56980 0908
7849 56980 0909
7849 56980 0912
7849 56980 0915
7849 56980 0916
7849 56980 0944
7849 56980 0952
7849 56980 0956
7849 56980 0966
7850 56956 0002
7850 56956 0014
7850 56956 0064
7850 56956 0094
7850 56956 0124
7850 56956 0186
7850 56956 0203
7850 56956 0228
7850 56956 0229
7850 56956 0302
7850 56956 0344
7850 56956 0402
7850 56956 0428
7850 56956 0454
7850 56956 0467
7850 56956 0468
7850 56956 0544
7850 56956 0553
7850 56956 0554
7850 56956 0572
7850 56956 0646
7850 56956 0676
7850 56956 0780
7850 56956 0962
7850 56956 0964
7850 56956 1000
7851 56932 0005
7851 56932 0013
7851 56932 0015
7851 56932 0018
7851 56932 0046
7851 56932 0055
7851 56932 0059
7851 56932 0078
7851 56932 0114
7851 56932 0157
7851 56932 0178
7851 56932 0180
7851 56932 0182
7851 56932 0184
7851 56932 0186
7851 56932 0188
7851 56932 0192
7851 56932 0200
7851 56932 0316
7851 56932 0443
7851 56932 0464
7851 56932 0482
7851 56932 0485
7851 56932 0514
7851 56932 0534
7851 56932 0556
7851 56932 0572
7851 56932 0626
7851 56932 0643
7851 56932 0668
7851 56932 0672
7851 56932 0676
7851 56932 0774
7851 56932 0778
7851 56932 0785
7851 56932 0790
7851 56932 0813
7851 56932 0818
7851 56932 0828
7851 56932 0844
7851 56932 0851
7851 56932 0852
7851 56932 0888
7851 56932 0937
7851 56932 0942
7851 56932 0944
7851 56932 0956
7851 56932 0968
7852 56987 0002
7852 56987 0045
7852 56987 0054
7852 56987 0098
7852 56987 0099
7852 56987 0129
7852 56987 0146
7852 56987 0158
7852 56987 0161
7852 56987 0208
7852 56987 0218
7852 56987 0384
7852 56987 0387
7852 56987 0420
7852 56987 0432
7852 56987 0650
7852 56987 0737
7852 56987 0743
7852 56987 0744
7852 56987 0747
7852 56987 0750
7852 56987 0764
7852 56987 0781
7852 56987 0793
7852 56987 0823
7852 56987 0826
7852 56987 0829
7852 56987 0896
7852 56987 0937
7852 56987 0938
7852 56987 0944
7852 56987 0986
7852 56987 0991
7852 56987 0992
7853 56988 0004
7853 56988 0017
7853 56988 0034
7853 56988 0118
7853 56988 0126
7853 56988 0147
7853 56988 0156
7853 56988 0182
7853 56988 0183
7853 56988 0190
7853 56988 0192
7853 56988 0196
7853 56988 0228
7853 56988 0276
7853 56988 0338
7853 56988 0342
7853 56988 0345
7853 56988 0346
7853 56988 0365
7853 56988 0431
7853 56988 0470
7853 56988 0553
7853 56988 0554
7853 56988 0570
7853 56988 0637
7853 56988 0660
7853 56988 0667
7853 56988 0704
7853 56988 0744
7853 56988 0777
7853 56988 0780
7853 56988 0802
7853 56988 0830
7853 56988 0897
7853 56988 0929
7853 56988 0954
7853 56988 0972
7854 56989 0070
7854 56989 0072
7854 56989 0075
7854 56989 0078
7854 56989 0100
7854 56989 0182
7854 56989 0233
7854 56989 0292
7854 56989 0305
7854 56989 0319
7854 56989 0322
7854 56989 0342
7854 56989 0346
7854 56989 0362
7854 56989 0473
7854 56989 0508
7854 56989 0593
7854 56989 0598
7854 56989 0648
7854 56989 0678
7854 56989 0706
7854 56989 0708
7854 56989 0724
7854 56989 0796
7854 56989 0823
7854 56989 0829
7854 56989 0872
7854 56989 0917
7854 56989 0920
7854 56989 0950
7854 56989 0973
7855 57011 0055
7855 57011 0069
7855 57011 0128
7855 57011 0139
7855 57011 0144
7855 57011 0146
7855 57011 0202
7855 57011 0218
7855 57011 0252
7855 57011 0320
7855 57011 0448
7855 57011 0520
7855 57011 0528
7855 57011 0596
7855 57011 0609
7855 57011 0611
7855 57011 0655
7855 57011 0684
7855 57011 0806
7855 57011 0815
7855 57011 0831
7855 57011 0876
7855 57011 0908
7855 57011 0948
7855 57011 0966
7855 57011 0980
7856 57260 0016
7856 57260 0050
7856 57260 0063
7856 57260 0195
7856 57260 0262
7856 57260 0287
7856 57260 0321
7856 57260 0328
7856 57260 0332
7856 57260 0352
7856 57260 0422
7856 57260 0480
7856 57260 0516
7856 57260 0531
7856 57260 0532
7856 57260 0551
7856 57260 0567
7856 57260 0570
7856 57260 0660
7856 57260 0665
7856 57260 0666
7856 57260 0762
7856 57260 0767
7856 57260 0804
7856 57260 0805
7856 57260 0828
7856 57260 0842
7856 57260 0859
7856 57260 0868
7856 57260 0888
7856 57260 0904
7856 57260 0919
7856 57260 0963
7856 57260 0985
7857 57278 0090
7857 57278 0114
7857 57278 0250
7857 57278 0277
7857 57278 0285
7857 57278 0286
7857 57278 0287
7857 57278 0327
7857 57278 0328
7857 57278 0344
7857 57278 0378
7857 57278 0379
7857 57278 0384
7857 57278 0425
7857 57278 0446
7857 57278 0472
7857 57278 0476
7857 57278 0573
7857 57278 0646
7857 57278 0650
7857 57278 0678
7857 57278 0681
7857 57278 0780
7857 57278 0790
7857 57278 0858
7857 57278 0897
7857 57278 0920
7857 57278 0945
7857 57278 0954
7857 57278 0983
7858 57281 0039
7858 57281 0056
7858 57281 0160
7858 57281 0184
7858 57281 0195
7858 57281 0206
7858 57281 0249
7858 57281 0386
7858 57281 0389
7858 57281 0391
7858 57281 0412
7858 57281 0424
7858 57281 0434
7858 57281 0445
7858 57281 0478
7858 57281 0483
7858 57281 0486
7858 57281 0490
7858 57281 0519
7858 57281 0530
7858 57281 0532
7858 57281 0542
7858 57281 0547
7858 57281 0590
7858 57281 0653
7858 57281 0686
7858 57281 0709
7858 57281 0803
7858 57281 0812
7858 57281 0824
7858 57281 0857
7858 57281 0863
7858 57281 0978
7858 57281 0984
7858 57281 0997
7859 57282 0034
7859 57282 0060
7859 57282 0139
7859 57282 0226
7859 57282 0234
7859 57282 0255
7859 57282 0277
7859 57282 0279
7859 57282 0296
7859 57282 0317
7859 57282 0319
7859 57282 0325
7859 57282 0347
7859 57282 0360
7859 57282 0396
7859 57282 0429
7859 57282 0432
7859 57282 0433
7859 57282 0439
7859 57282 0482
7859 57282 0511
7859 57282 0514
7859 57282 0538
7859 57282 0572
7859 57282 0596
7859 57282 0597
7859 57282 0599
7859 57282 0600
7859 57282 0625
7859 57282 0667
7859 57282 0700
7859 57282 0739
7859 57282 0758
7859 57282 0778
7859 57282 0832
7859 57282 0923
7859 57282 0956
7859 57282 0970
7860 57006 0006
7860 57006 0010
7860 57006 0168
7860 57006 0185
7860 57006 0190
7860 57006 0208
7860 57006 0226
7860 57006 0233
7860 57006 0256
7860 57006 0266
7860 57006 0279
7860 57006 0316
7860 57006 0346
7860 57006 0384
7860 57006 0386
7860 57006 0388
7860 57006 0391
7860 57006 0400
7860 57006 0434
7860 57006 0440
7860 57006 0543
7860 57006 0548
7860 57006 0557
7860 57006 0560
7860 57006 0562
7860 57006 0582
7860 57006 0592
7860 57006 0598
7860 57006 0617
7860 57006 0620
7860 57006 0654
7860 57006 0685
7860 57006 0799
7860 57006 0823
7860 57006 0826
7860 57006 0827
7860 57006 0840
7860 57006 0841
7860 57006 0854
7860 57006 0900
7860 57006 0911
7860 57006 0914
7860 57006 0941
7860 57006 0964
7860 57006 0993
7861 57281 0057
7861 57281 0144
7861 57281 0148
7861 57281 0153
7861 57281 0206
7861 57281 0246
7861 57281 0265
7861 57281 0404
7861 57281 0409
7861 57281 0444
7861 57281 0462
7861 57281 0477
7861 57281 0518
7861 57281 0521
7861 57281 0530
7861 57281 0540
7861 57281 0672
7861 57281 0748
7861 57281 0760
7861 57281 0778
7861 57281 0807
7861 57281 0829
7861 57281 0876
7861 57281 0942
7861 57281 0974
7861 57281 0983
7862 56984 0043
7862 56984 0048
7862 56984 0056
7862 56984 0074
7862 56984 0102
7862 56984 0116
7862 56984 0122
7862 56984 0128
7862 56984 0132
7862 56984 0173
7862 56984 0327
7862 56984 0361
7862 56984 0364
7862 56984 0368
7862 56984 0372
7862 56984 0392
7862 56984 0423
7862 56984 0424
7862 56984 0476
7862 56984 0492
7862 56984 0561
7862 56984 0562
7862 56984 0578
7862 56984 0606
7862 56984 0733
7862 56984 0750
7862 56984 0842
7862 56984 0878
7863 56975 0004
7863 56975 0040
7863 56975 0053
7863 56975 0073
7863 56975 0126
7863 56975 0158
7863 56975 0252
7863 56975 0255
7863 56975 0272
7863 56975 0275
7863 56975 0298
7863 56975 0305
7863 56975 0311
7863 56975 0312
7863 56975 0333
7863 56975 0336
7863 56975 0345
7863 56975 0440
7863 56975 0478
7863 56975 0526
7863 56975 0546
7863 56975 0578
7863 56975 0579
7863 56975 0626
7863 56975 0641
7863 56975 0651
7863 56975 0676
7863 56975 0677
7863 56975 0678
7863 56975 0703
7863 56975 0704
7863 56975 0734
7863 56975 0764
7863 56975 0814
7863 56975 0820
7863 56975 0844
7863 56975 0858
7863 56975 0892
7863 56975 0897
7863 56975 0934
7863 56975 0967
7863 56975 0968
7863 56975 0990
7864 56979 0012
7864 56979 0030
7864 56979 0038
7864 56979 0059
7864 56979 0064
7864 56979 0155
7864 56979 0215
7864 56979 0222
7864 56979 0230
7864 56979 0282
7864 56979 0312
7864 56979 0360
7864 56979 0366
7864 56979 0380
7864 56979 0385
7864 56979 0402
7864 56979 0415
7864 56979 0455
7864 56979 0525
7864 56979 0578
7864 56979 0623
7864 56979 0635
7864 56979 0642
7864 56979 0688
7864 56979 0735
7864 56979 0775
7864 56979 0854
7864 56979 0920
7864 56979 0936
7864 56979 0951
7864 56979 0996
7864 56979 0999
7865 56955 0151
7865 56955 0184
7865 56955 0192
7865 56955 0198
7865 56955 0236
7865 56955 0270
7865 56955 0314
7865 56955 0340
7865 56955 0352
7865 56955 0353
7865 56955 0354
7865 56955 0360
7865 56955 0410
7865 56955 0464
7865 56955 0552
7865 56955 0578
7865 56955 0586
7865 56955 0590
7865 56955 0728
7865 56955 0736
7865 56955 0779
7865 56955 0817
7865 56955 0832
7865 56955 0840
7865 56955 0862
7865 56955 0878
7865 56955 0924
7865 56955 0995
7866 57002 0012
7866 57002 0097
7866 57002 0106
7866 57002 0130
7866 57002 0244
7866 57002 0270
7866 57002 0294
7866 57002 0336
7866 57002 0344
7866 57002 0346
7866 57002 0409
7866 57002 0440
7866 57002 0484
7866 57002 0532
7866 57002 0535
7866 57002 0577
7866 57002 0580
7866 57002 0609
7866 57002 0639
7866 57002 0678
7866 57002 0757
7866 57002 0790
7866 57002 0802
7866 57002 0808
7866 57002 0892
7866 57002 0972
7867 57003 0067
7867 57003 0110
7867 57003 0172
7867 57003 0294
7867 57003 0314
7867 57003 0319
7867 57003 0332
7867 57003 0340
7867 57003 0380
7867 57003 0382
7867 57003 0403
7867 57003 0462
7867 57003 0511
7867 57003 0652
7867 57003 0684
7867 57003 0709
7867 57003 0730
7867 57003 0738
7867 57003 0739
7867 57003 0740
7867 57003 0756
7867 57003 0770
7867 57003 0784
7867 57003 0812
7867 57003 0818
7867 57003 0846
7867 57003 0853
7867 57003 0894
7868 57006 0035
7868 57006 0048
7868 57006 0049
7868 57006 0061
7868 57006 0063
7868 57006 0106
7868 57006 0114
7868 57006 0116
7868 57006 0252
7868 57006 0253
7868 57006 0348
7868 57006 0350
7868 57006 0356
7868 57006 0401
7868 57006 0402
7868 57006 0416
7868 57006 0476
7868 57006 0513
7868 57006 0518
7868 57006 0550
7868 57006 0582
7868 57006 0693
7868 57006 0735
7868 57006 0765
7868 57006 0800
7868 57006 0808
7868 57006 0811
7868 57006 0826
7868 57006 0942
7868 57006 0953
7869 57012 0004
7869 57012 0064
7869 57012 0090
7869 57012 0152
7869 57012 0178
7869 57012 0293
7869 57012 0298
7869 57012 0307
7869 57012 0410
7869 57012 0416
7869 57012 0428
7869 57012 0520
7869 57012 0524
7869 57012 0528
7869 57012 0546
7869 57012 0562
7869 57012 0654
7869 57012 0656
7869 57012 0664
7869 57012 0684
7869 57012 0690
7869 57012 0714
7869 57012 0728
7869 57012 0765
7869 57012 0842
7869 57012 0857
7869 57012 0880
7869 57012 0960
7869 57012 0967
7869 57012 0973
7869 57012 0986
7870 57016 0061
7870 57016 0065
7870 57016 0088
7870 57016 0093
7870 57016 0102
7870 57016 0188
7870 57016 0201
7870 57016 0270
7870 57016 0282
7870 57016 0294
7870 57016 0343
7870 57016 0360
7870 57016 0389
7870 57016 0490
7870 57016 0540
7870 57016 0583
7870 57016 0681
7870 57016 0722
7870 57016 0725
7870 57016 0732
7870 57016 0777
7870 57016 0822
7870 57016 0835
7870 57016 0836
7870 57016 0864
7870 57016 0872
7871 56902 0006
7871 56902 0008
7871 56902 0022
7871 56902 0031
7871 56902 0106
7871 56902 0135
7871 56902 0148
7871 56902 0159
7871 56902 0207
7871 56902 0214
7871 56902 0256
7871 56902 0298
7871 56902 0314
7871 56902 0362
7871 56902 0388
7871 56902 0397
7871 56902 0410
7871 56902 0438
7871 56902 0441
7871 56902 0444
7871 56902 0571
7871 56902 0584
7871 56902 0588
7871 56902 0608
7871 56902 0615
7871 56902 0620
7871 56902 0644
7871 56902 0653
7871 56902 0654
7871 56902 0659
7871 56902 0722
7871 56902 0750
7871 56902 0762
7871 56902 0765
7871 56902 0773
7871 56902 0775
7871 56902 0794
7871 56902 0892
7871 56902 0926
7871 56902 0932
7871 56902 0936
7871 56902 0994
7872 57279 0004
7872 57279 0010
7872 57279 0110
7872 57279 0159
7872 57279 0160
7872 57279 0184
7872 57279 0215
7872 57279 0232
7872 57279 0262
7872 57279 0278
7872 57279 0374
7872 57279 0405
7872 57279 0490
7872 57279 0500
7872 57279 0503
7872 57279 0578
7872 57279 0632
7872 57279 0647
7872 57279 0718
7872 57279 0725
7872 57279 0771
7872 57279 0776
7872 57279 0792
7872 57279 0814
7872 57279 0838
7872 57279 0922
7872 57279 0936
7873 57307 0020
7873 57307 0078
7873 57307 0224
7873 57307 0226
7873 57307 0250
7873 57307 0255
7873 57307 0297
7873 57307 0336
7873 57307 0343
7873 57307 0352
7873 57307 0392
7873 57307 0429
7873 57307 0436
7873 57307 0470
7873 57307 0479
7873 57307 0486
7873 57307 0515
7873 57307 0538
7873 57307 0565
7873 57307 0620
7873 57307 0650
7873 57307 0692
7873 57307 0723
7873 57307 0775
7873 57307 0802
7873 57307 0814
7873 57307 0816
7873 57307 0848
7873 57307 0852
7873 57307 0928
7873 57307 0940
7873 57307 0994
7874 57279 0008
7874 57279 0016
7874 57279 0035
7874 57279 0360
7874 57279 0362
7874 57279 0503
7874 57279 0550
7874 57279 0637
7874 57279 0670
7874 57279 0774
7874 57279 0898
7874 57279 0933
7874 57279 0940
7874 57279 0950
7875 56980 0024
7875 56980 0084
7875 56980 0104
7875 56980 0106
7875 56980 0116
7875 56980 0117
7875 56980 0129
7875 56980 0156
7875 56980 0264
7875 56980 0307
7875 56980 0434
7875 56980 0439
7875 56980 0498
7875 56980 0558
7875 56980 0578
7875 56980 0584
7875 56980 0585
7875 56980 0595
7875 56980 0596
7875 56980 0611
7875 56980 0619
7875 56980 0633
7875 56980 0669
7875 56980 0671
7875 56980 0677
7875 56980 0704
7875 56980 0750
7875 56980 0768
7875 56980 0792
7875 56980 0836
7875 56980 0873
7875 56980 0914
7875 56980 0947
7875 56980 0965
7875 56980 0971
7876 57002 0048
7876 57002 0082
7876 57002 0122
7876 57002 0211
7876 57002 0212
7876 57002 0302
7876 57002 0304
7876 57002 0331
7876 57002 0557
7876 57002 0677
7876 57002 0678
7876 57002 0724
7876 57002 0731
7876 57002 0743
7876 57002 0749
7876 57002 0767
7876 57002 0772
7876 57002 0795
7876 57002 0937
7877 56898 0016
7877 56898 0018
7877 56898 0020
7877 56898 0073
7877 56898 0074
7877 56898 0088
7877 56898 0156
7877 56898 0204
7877 56898 0264
7877 56898 0349
7877 56898 0410
7877 56898 0459
7877 56898 0483
7877 56898 0569
7877 56898 0571
7877 56898 0611
7877 56898 0632
7877 56898 0660
7877 56898 0686
7877 56898 0726
7877 56898 0767
7877 56898 0814
7877 56898 0846
7877 56898 0865
7877 56898 0875
7877 56898 0954
7877 56898 0994
7878 57340 0090
7878 57340 0102
7878 57340 0133
7878 57340 0152
7878 57340 0184
7878 57340 0206
7878 57340 0224
7878 57340 0262
7878 57340 0292
7878 57340 0330
7878 57340 0340
7878 57340 0352
