plate mjd fiber
7609 56959 0438
7609 56959 0439
7609 56959 0440
7609 56959 0506
7609 56959 0521
7609 56959 0586
7609 56959 0643
7609 56959 0650
7609 56959 0748
7609 56959 0800
7609 56959 0836
7609 56959 0845
7609 56959 0876
7609 56959 0880
7609 56959 0882
7609 56959 0910
7609 56959 0916
7609 56959 0918
7609 56959 0926
7609 56959 0939
7609 56959 0957
7609 56959 0958
7609 56959 0997
7610 56980 0074
7610 56980 0107
7610 56980 0110
7610 56980 0137
7610 56980 0152
7610 56980 0202
7610 56980 0222
7610 56980 0239
7610 56980 0255
7610 56980 0294
7610 56980 0298
7610 56980 0324
7610 56980 0368
7610 56980 0460
7610 56980 0564
7610 56980 0572
7610 56980 0578
7610 56980 0589
7610 56980 0636
7610 56980 0640
7610 56980 0760
7610 56980 0772
7610 56980 0774
7610 56980 0878
7610 56980 0897
7610 56980 0924
7610 56980 0930
7610 56980 0976
7610 56980 0988
7610 56980 0990
7610 56980 0991
7610 56980 0992
7611 56946 0021
7611 56946 0022
7611 56946 0042
7611 56946 0056
7611 56946 0078
7611 56946 0094
7611 56946 0100
7611 56946 0102
7611 56946 0174
7611 56946 0243
7611 56946 0246
7611 56946 0298
7611 56946 0318
7611 56946 0366
7611 56946 0382
7611 56946 0442
7611 56946 0503
7611 56946 0540
7611 56946 0549
7611 56946 0674
7611 56946 0677
7611 56946 0694
7611 56946 0715
7611 56946 0738
7611 56946 0742
7611 56946 0748
7611 56946 0750
7611 56946 0796
7611 56946 0798
7611 56946 0802
7611 56946 0842
7611 56946 0918
7611 56946 0939
7611 56946 0948
7612 56972 0010
7612 56972 0034
7612 56972 0036
7612 56972 0068
7612 56972 0091
7612 56972 0125
7612 56972 0126
7612 56972 0164
7612 56972 0248
7612 56972 0294
7612 56972 0307
7612 56972 0309
7612 56972 0318
7612 56972 0332
7612 56972 0337
7612 56972 0348
7612 56972 0356
7612 56972 0376
7612 56972 0422
7612 56972 0432
7612 56972 0434
7612 56972 0487
7612 56972 0611
7612 56972 0614
7612 56972 0661
7612 56972 0663
7612 56972 0670
7612 56972 0674
7612 56972 0676
7612 56972 0678
7612 56972 0680
7612 56972 0758
7612 56972 0835
7612 56972 0861
7613 56988 0030
7613 56988 0039
7613 56988 0040
7613 56988 0042
7613 56988 0045
7613 56988 0046
7613 56988 0048
7613 56988 0055
7613 56988 0110
7613 56988 0152
7613 56988 0197
7613 56988 0258
7613 56988 0281
7613 56988 0286
7613 56988 0290
7613 56988 0291
7613 56988 0469
7613 56988 0475
7613 56988 0502
7613 56988 0547
7613 56988 0553
7613 56988 0555
7613 56988 0584
7613 56988 0607
7613 56988 0631
7613 56988 0737
7613 56988 0802
7613 56988 0805
7613 56988 0899
7614 57307 0028
7614 57307 0030
7614 57307 0033
7614 57307 0065
7614 57307 0066
7614 57307 0079
7614 57307 0113
7614 57307 0143
7614 57307 0186
7614 57307 0198
7614 57307 0224
7614 57307 0240
7614 57307 0308
7614 57307 0332
7614 57307 0348
7614 57307 0360
7614 57307 0391
7614 57307 0403
7614 57307 0422
7614 57307 0424
7614 57307 0490
7614 57307 0678
7614 57307 0850
7614 57307 0969
7614 57307 0971
7614 57307 0977
7615 56977 0001
7615 56977 0006
7615 56977 0020
7615 56977 0053
7615 56977 0063
7615 56977 0070
7615 56977 0125
7615 56977 0178
7615 56977 0185
7615 56977 0262
7615 56977 0304
7615 56977 0307
7615 56977 0310
7615 56977 0333
7615 56977 0338
7615 56977 0366
7615 56977 0408
7615 56977 0416
7615 56977 0450
7615 56977 0564
7615 56977 0591
7615 56977 0618
7615 56977 0710
7615 56977 0728
7615 56977 0770
7615 56977 0811
7615 56977 0812
7615 56977 0827
7615 56977 0842
7615 56977 0852
7615 56977 0967
7616 56902 0002
7616 56902 0050
7616 56902 0052
7616 56902 0076
7616 56902 0088
7616 56902 0104
7616 56902 0156
7616 56902 0170
7616 56902 0176
7616 56902 0226
7616 56902 0233
7616 56902 0272
7616 56902 0282
7616 56902 0314
7616 56902 0354
7616 56902 0374
7616 56902 0439
7616 56902 0492
7616 56902 0494
7616 56902 0550
7616 56902 0566
7616 56902 0597
7616 56902 0640
7616 56902 0676
7616 56902 0703
7616 56902 0737
7616 56902 0800
7616 56902 0804
7616 56902 0858
7616 56902 0936
7616 56902 0940
7616 56902 0969
7617 56949 0014
7617 56949 0068
7617 56949 0088
7617 56949 0108
7617 56949 0144
7617 56949 0152
7617 56949 0160
7617 56949 0190
7617 56949 0194
7617 56949 0201
7617 56949 0203
7617 56949 0210
7617 56949 0215
7617 56949 0217
7617 56949 0298
7617 56949 0330
7617 56949 0402
7617 56949 0412
7617 56949 0477
7617 56949 0479
7617 56949 0658
7617 56949 0708
7617 56949 0724
7617 56949 0786
7617 56949 0830
7617 56949 0846
7617 56949 0896
7617 56949 0898
7617 56949 0900
7617 56949 0926
7617 56949 0931
7617 56949 0946
7618 56898 0012
7618 56898 0013
7618 56898 0014
7618 56898 0037
7618 56898 0038
7618 56898 0084
7618 56898 0085
7618 56898 0114
7618 56898 0115
7618 56898 0116
7618 56898 0124
7618 56898 0142
7618 56898 0148
7618 56898 0154
7618 56898 0156
7618 56898 0172
7618 56898 0201
7618 56898 0234
7618 56898 0245
7618 56898 0248
7618 56898 0250
7618 56898 0252
7618 56898 0278
7618 56898 0320
7618 56898 0365
7618 56898 0383
7618 56898 0384
7618 56898 0400
7618 56898 0411
7618 56898 0420
7618 56898 0437
7618 56898 0485
7618 56898 0512
7618 56898 0530
7618 56898 0532
7618 56898 0577
7618 56898 0600
7618 56898 0646
7618 56898 0760
7618 56898 0794
7618 56898 0838
7618 56898 0952
7619 56900 0015
7619 56900 0036
7619 56900 0120
7619 56900 0128
7619 56900 0178
7619 56900 0192
7619 56900 0254
7619 56900 0307
7619 56900 0408
7619 56900 0512
7619 56900 0516
7619 56900 0538
7619 56900 0566
7619 56900 0591
7619 56900 0608
7619 56900 0621
7619 56900 0626
7619 56900 0654
7619 56900 0663
7619 56900 0670
7619 56900 0831
7619 56900 0842
7619 56900 0880
7619 56900 0912
7619 56900 0920
7619 56900 0928
7619 56900 0930
7619 56900 0974
7619 56900 0985
7620 56904 0087
7620 56904 0090
7620 56904 0098
7620 56904 0171
7620 56904 0202
7620 56904 0218
7620 56904 0246
7620 56904 0414
7620 56904 0432
7620 56904 0457
7620 56904 0510
7620 56904 0552
7620 56904 0628
7620 56904 0634
7620 56904 0706
7620 56904 0728
7620 56904 0772
7620 56904 0777
7620 56904 0827
7620 56904 0860
7620 56904 0946
7620 56904 0978
7621 56985 0054
7621 56985 0111
7621 56985 0164
7621 56985 0208
7621 56985 0225
7621 56985 0258
7621 56985 0291
7621 56985 0295
7621 56985 0332
7621 56985 0334
7621 56985 0365
7621 56985 0367
7621 56985 0405
7621 56985 0409
7621 56985 0452
7621 56985 0454
7621 56985 0492
7621 56985 0495
7621 56985 0509
7621 56985 0520
7621 56985 0556
7621 56985 0560
7621 56985 0672
7621 56985 0722
7621 56985 0759
7621 56985 0801
7621 56985 0826
7621 56985 0835
7621 56985 0874
7621 56985 0884
7621 56985 0937
7621 56985 0953
7621 56985 0981
7622 56987 0002
7622 56987 0023
7622 56987 0035
7622 56987 0163
7622 56987 0184
7622 56987 0208
7622 56987 0215
7622 56987 0235
7622 56987 0242
7622 56987 0247
7622 56987 0252
7622 56987 0256
7622 56987 0260
7622 56987 0281
7622 56987 0296
7622 56987 0328
7622 56987 0345
7622 56987 0356
7622 56987 0364
7622 56987 0442
7622 56987 0452
7622 56987 0473
7622 56987 0478
7622 56987 0624
7622 56987 0630
7622 56987 0638
7622 56987 0646
7622 56987 0651
7622 56987 0665
7622 56987 0675
7622 56987 0689
7622 56987 0693
7622 56987 0718
7622 56987 0743
7622 56987 0758
7622 56987 0774
7622 56987 0802
7622 56987 0879
7622 56987 0900
7622 56987 0913
7622 56987 0974
7623 56901 0045
7623 56901 0073
7623 56901 0078
7623 56901 0095
7623 56901 0114
7623 56901 0168
7623 56901 0172
7623 56901 0174
7623 56901 0228
7623 56901 0230
7623 56901 0244
7623 56901 0260
7623 56901 0282
7623 56901 0286
7623 56901 0296
7623 56901 0298
7623 56901 0331
7623 56901 0340
7623 56901 0388
7623 56901 0418
7623 56901 0513
7623 56901 0517
7623 56901 0519
7623 56901 0520
7623 56901 0529
7623 56901 0593
7623 56901 0672
7623 56901 0679
7623 56901 0684
7623 56901 0714
7623 56901 0800
7623 56901 0816
7623 56901 0850
7623 56901 0898
7623 56901 0930
7624 57039 0009
7624 57039 0018
7624 57039 0055
7624 57039 0222
7624 57039 0238
7624 57039 0266
7624 57039 0267
7624 57039 0272
7624 57039 0391
7624 57039 0392
7624 57039 0410
7624 57039 0514
7624 57039 0528
7624 57039 0560
7624 57039 0576
7624 57039 0651
7624 57039 0682
7624 57039 0696
7624 57039 0742
7624 57039 0777
7624 57039 0788
7624 57039 0822
7624 57039 0848
7624 57039 0859
7624 57039 0863
7624 57039 0864
7624 57039 0890
7624 57039 0900
7624 57039 0919
7624 57039 0966
7624 57039 0977
7625 57011 0112
7625 57011 0144
7625 57011 0145
7625 57011 0147
7625 57011 0148
7625 57011 0164
7625 57011 0215
7625 57011 0221
7625 57011 0314
7625 57011 0488
7625 57011 0494
7625 57011 0524
7625 57011 0526
7625 57011 0530
7625 57011 0532
7625 57011 0570
7625 57011 0630
7625 57011 0643
7625 57011 0692
7625 57011 0730
7625 57011 0744
7625 57011 0814
7625 57011 0817
7625 57011 0819
7625 57011 0854
7625 57011 0878
7625 57011 0905
7625 57011 0933
7625 57011 0946
7625 57011 0950
7626 56934 0058
7626 56934 0083
7626 56934 0092
7626 56934 0100
7626 56934 0132
7626 56934 0137
7626 56934 0172
7626 56934 0178
7626 56934 0208
7626 56934 0212
7626 56934 0258
7626 56934 0282
7626 56934 0324
7626 56934 0364
7626 56934 0368
7626 56934 0371
7626 56934 0375
7626 56934 0380
7626 56934 0402
7626 56934 0408
7626 56934 0413
7626 56934 0450
7626 56934 0456
7626 56934 0484
7626 56934 0494
7626 56934 0532
7626 56934 0534
7626 56934 0541
7626 56934 0542
7626 56934 0544
7626 56934 0545
7626 56934 0556
7626 56934 0582
7626 56934 0585
7626 56934 0592
7626 56934 0621
7626 56934 0625
7626 56934 0640
7626 56934 0711
7626 56934 0759
7626 56934 0794
7626 56934 0825
7626 56934 0877
7626 56934 0969
7627 56933 0080
7627 56933 0164
7627 56933 0168
7627 56933 0286
7627 56933 0287
7627 56933 0293
7627 56933 0294
7627 56933 0347
7627 56933 0358
7627 56933 0363
7627 56933 0372
7627 56933 0376
7627 56933 0556
7627 56933 0575
7627 56933 0722
7627 56933 0744
7627 56933 0836
7627 56933 0896
7627 56933 0942
7627 56933 0962
7628 56978 0002
7628 56978 0106
7628 56978 0114
7628 56978 0122
7628 56978 0170
7628 56978 0202
7628 56978 0212
7628 56978 0284
7628 56978 0289
7628 56978 0292
7628 56978 0298
7628 56978 0324
7628 56978 0338
7628 56978 0364
7628 56978 0370
7628 56978 0490
7628 56978 0542
7628 56978 0547
7628 56978 0582
7628 56978 0726
7628 56978 0730
7628 56978 0782
7628 56978 0783
7628 56978 0803
7628 56978 0807
7628 56978 0824
7628 56978 0912
7629 56988 0046
7629 56988 0096
7629 56988 0162
7629 56988 0164
7629 56988 0170
7629 56988 0187
7629 56988 0219
7629 56988 0258
7629 56988 0345
7629 56988 0346
7629 56988 0353
7629 56988 0368
7629 56988 0375
7629 56988 0461
7629 56988 0482
7629 56988 0588
7629 56988 0605
7629 56988 0612
7629 56988 0624
7629 56988 0668
7629 56988 0670
7629 56988 0764
7629 56988 0766
7629 56988 0782
7629 56988 0795
7629 56988 0816
7629 56988 0946
7629 56988 0985
7630 57006 0104
7630 57006 0192
7630 57006 0210
7630 57006 0225
7630 57006 0292
7630 57006 0322
7630 57006 0371
7630 57006 0404
7630 57006 0463
7630 57006 0512
7630 57006 0521
7630 57006 0522
7630 57006 0553
7630 57006 0606
7630 57006 0701
7630 57006 0716
7630 57006 0719
7630 57006 0798
7630 57006 0854
7630 57006 0856
7630 57006 0892
7630 57006 0926
7630 57006 0954
7630 57006 0958
7630 57006 0964
7631 57279 0014
7631 57279 0039
7631 57279 0045
7631 57279 0046
7631 57279 0057
7631 57279 0144
7631 57279 0166
7631 57279 0172
7631 57279 0250
7631 57279 0253
7631 57279 0276
7631 57279 0355
7631 57279 0458
7631 57279 0460
7631 57279 0465
7631 57279 0467
7631 57279 0572
7631 57279 0618
7631 57279 0619
7631 57279 0737
7631 57279 0821
7631 57279 0837
7631 57279 0846
7631 57279 0956
7632 56987 0068
7632 56987 0082
7632 56987 0104
7632 56987 0144
7632 56987 0187
7632 56987 0190
7632 56987 0258
7632 56987 0348
7632 56987 0416
7632 56987 0438
7632 56987 0448
7632 56987 0456
7632 56987 0472
7632 56987 0624
7632 56987 0726
7632 56987 0755
7632 56987 0800
7632 56987 0812
7632 56987 0826
7632 56987 0944
7632 56987 0954
7632 56987 0981
7633 56931 0067
7633 56931 0108
7633 56931 0112
7633 56931 0206
7633 56931 0208
7633 56931 0223
7633 56931 0224
7633 56931 0332
7633 56931 0355
7633 56931 0373
7633 56931 0495
7633 56931 0544
7633 56931 0548
7633 56931 0585
7633 56931 0638
7633 56931 0661
7633 56931 0662
7633 56931 0664
7633 56931 0708
7633 56931 0718
7633 56931 0719
7633 56931 0721
7633 56931 0726
7633 56931 0765
7633 56931 0774
7633 56931 0788
7633 56931 0836
7633 56931 0838
7633 56931 0843
7633 56931 0855
7633 56931 0856
7633 56931 0917
7633 56931 0966
7634 56935 0038
7634 56935 0104
7634 56935 0226
7634 56935 0260
7634 56935 0286
7634 56935 0290
7634 56935 0291
7634 56935 0331
7634 56935 0342
7634 56935 0372
7634 56935 0442
7634 56935 0500
7634 56935 0506
7634 56935 0540
7634 56935 0541
7634 56935 0552
7634 56935 0567
7634 56935 0574
7634 56935 0586
7634 56935 0590
7634 56935 0596
7634 56935 0703
7634 56935 0741
7634 56935 0748
7634 56935 0750
7634 56935 0778
7634 56935 0917
7635 56979 0083
7635 56979 0138
7635 56979 0148
7635 56979 0160
7635 56979 0164
7635 56979 0167
7635 56979 0169
7635 56979 0190
7635 56979 0207
7635 56979 0210
7635 56979 0216
7635 56979 0238
7635 56979 0442
7635 56979 0518
7635 56979 0522
7635 56979 0529
7635 56979 0555
7635 56979 0557
7635 56979 0596
7635 56979 0634
7635 56979 0644
7635 56979 0660
7635 56979 0674
7635 56979 0742
7635 56979 0791
7635 56979 0794
7635 56979 0798
7635 56979 0800
7635 56979 0860
7635 56979 0884
7635 56979 0927
7635 56979 0942
7635 56979 0986
7635 56979 0988
7635 56979 0989
7635 56979 0993
7636 56989 0003
7636 56989 0030
7636 56989 0236
7636 56989 0254
7636 56989 0362
7636 56989 0390
7636 56989 0487
7636 56989 0510
7636 56989 0551
7636 56989 0580
7636 56989 0595
7636 56989 0616
7636 56989 0617
7636 56989 0630
7636 56989 0632
7636 56989 0644
7636 56989 0733
7636 56989 0735
7636 56989 0756
7636 56989 0827
7637 56933 0026
7637 56933 0054
7637 56933 0060
7637 56933 0066
7637 56933 0116
7637 56933 0120
7637 56933 0140
7637 56933 0154
7637 56933 0171
7637 56933 0186
7637 56933 0240
7637 56933 0252
7637 56933 0280
7637 56933 0299
7637 56933 0301
7637 56933 0307
7637 56933 0340
7637 56933 0345
7637 56933 0372
7637 56933 0392
7637 56933 0652
7637 56933 0663
7637 56933 0836
7637 56933 0974
7637 56933 0999
7638 56981 0026
7638 56981 0049
7638 56981 0056
7638 56981 0188
7638 56981 0199
7638 56981 0212
7638 56981 0224
7638 56981 0243
7638 56981 0414
7638 56981 0444
7638 56981 0554
7638 56981 0593
7638 56981 0634
7638 56981 0635
7638 56981 0654
7638 56981 0672
7638 56981 0680
7638 56981 0706
7638 56981 0761
7638 56981 0880
7638 56981 0906
7638 56981 0917
7640 57311 0040
7640 57311 0075
7640 57311 0113
7640 57311 0889
7640 57311 0947
7643 57302 0009
7643 57302 0152
7643 57302 0182
7643 57302 0222
7643 57302 0226
7643 57302 0228
7643 57302 0234
7643 57302 0280
7643 57302 0336
7643 57302 0345
7643 57302 0373
7643 57302 0460
7643 57302 0606
7643 57302 0619
7643 57302 0722
7643 57302 0968
7644 57327 0033
7644 57327 0079
7644 57327 0127
7644 57327 0138
7644 57327 0159
7644 57327 0190
7644 57327 0221
7644 57327 0232
7644 57327 0260
7644 57327 0268
7644 57327 0291
7644 57327 0338
7644 57327 0344
7644 57327 0385
7644 57327 0388
7644 57327 0421
7644 57327 0468
7644 57327 0482
7644 57327 0494
7644 57327 0520
7644 57327 0564
7644 57327 0576
7644 57327 0595
7644 57327 0604
7644 57327 0664
7644 57327 0698
7644 57327 0700
7644 57327 0728
7644 57327 0730
7644 57327 0733
7644 57327 0740
7644 57327 0746
7644 57327 0778
7644 57327 0780
7644 57327 0890
7644 57327 0920
7648 57329 0054
7648 57329 0154
7648 57329 0161
7648 57329 0182
7648 57329 0233
7648 57329 0282
7648 57329 0315
7648 57329 0341
7648 57329 0380
7648 57329 0417
7648 57329 0430
7648 57329 0452
7648 57329 0477
7648 57329 0485
7648 57329 0721
7648 57329 0796
7648 57329 0802
7648 57329 0804
7648 57329 0820
7648 57329 0850
7648 57329 0856
7648 57329 0903
7648 57329 0956
7653 57306 0199
7653 57306 0350
7653 57306 0362
7653 57306 0364
7653 57306 0372
7653 57306 0392
7653 57306 0402
7653 57306 0404
7653 57306 0508
7653 57306 0542
7653 57306 0674
7653 57306 0712
7653 57306 0717
7653 57306 0729
7653 57306 0827
7653 57306 0830
7653 57306 0832
7653 57306 0838
7653 57306 0840
7653 57306 0861
7653 57306 0898
7653 57306 0930
7653 57306 0959
7654 57330 0009
7654 57330 0120
7654 57330 0125
7654 57330 0131
7654 57330 0148
7654 57330 0156
7654 57330 0158
7654 57330 0176
7654 57330 0272
