PLATE MJD FIBER
447 51877 0174
898 52606 0367
899 52620 0242
900 52637 0048
901 52641 0602
944 52614 0070
944 52614 0103
944 52614 0110
944 52614 0422
962 52620 0516
1005 52703 0571
1202 52672 0537
1283 52762 0063
1375 53084 0380
1375 53084 0605
1441 53083 0289
1453 53084 0559
1455 53089 0024
1455 53089 0374
1459 53117 0054
1466 53083 0563
2567 54179 0340
3173 54849 0285
3174 54821 0083
3193 54830 0325
3193 54830 0461
3215 54861 0424
3258 54884 0443
3331 54977 0158
3331 54977 0262
3367 54998 0144
5158 55913 0192
5158 55913 0918
5160 55895 0951
5161 55968 0572
6378 56330 0630
6385 56356 0669
6389 56270 0030
6390 56244 0063
6390 56244 0861
6392 56331 0381
6393 56341 0002
6393 56341 0891
6396 56358 0856
6397 56365 0158
6397 56365 0971
6398 56356 0682
6398 56356 0896
7378 56715 0322
7512 56777 0662
7516 56782 0532
7402 56810 0145
3216 54853 0577
3216 54853 0582
7512 56777 0662
7516 56782 0532
7277 56748 0097
7277 56748 0132
7277 56748 0156
7277 56748 0157
7277 56748 0285
7277 56748 0445
7277 56748 0448
7277 56748 0482
7277 56748 0506
7277 56748 0554
7277 56748 0586
7277 56748 0593
7277 56748 0632
7277 56748 0654
7277 56748 0714
7277 56748 0742
7277 56748 0744
7277 56748 0762
7277 56748 0781
7277 56748 0785
7277 56748 0810
7277 56748 0832
7277 56748 0854
7277 56748 0858
7277 56748 0871
7280 56709 0046
7280 56709 0072
7280 56709 0232
7280 56709 0233
7280 56709 0254
7280 56709 0258
7280 56709 0268
7280 56709 0360
7280 56709 0424
7280 56709 0426
7280 56709 0532
7280 56709 0552
7280 56709 0573
7280 56709 0625
7280 56709 0683
7280 56709 0744
7280 56709 0752
7280 56709 0776
7280 56709 0788
7280 56709 0815
7280 56709 0844
7280 56709 0850
7280 56709 0858
7280 56709 0880
7280 56709 0884
7280 56709 0894
7280 56709 0963
7282 56660 0015
7282 56660 0028
7282 56660 0035
7282 56660 0152
7282 56660 0240
7282 56660 0347
7282 56660 0357
7282 56660 0400
7282 56660 0452
7282 56660 0533
7282 56660 0560
7282 56660 0775
7282 56660 0779
7282 56660 0791
7282 56660 0792
7282 56660 0796
7282 56660 0818
7282 56660 0831
7284 56683 0004
7284 56683 0052
7284 56683 0098
7284 56683 0174
7284 56683 0194
7284 56683 0210
7284 56683 0220
7284 56683 0284
7284 56683 0372
7284 56683 0376
7284 56683 0508
7284 56683 0510
7284 56683 0535
7284 56683 0549
7284 56683 0551
7284 56683 0594
7284 56683 0696
7292 56709 0082
7292 56709 0158
7292 56709 0206
7292 56709 0240
7292 56709 0292
7292 56709 0294
7292 56709 0387
7292 56709 0425
7292 56709 0426
7292 56709 0468
7292 56709 0470
7292 56709 0478
7292 56709 0480
7292 56709 0552
7292 56709 0595
7292 56709 0604
7292 56709 0634
7292 56709 0664
7292 56709 0668
7292 56709 0710
7292 56709 0712
7292 56709 0716
7292 56709 0756
7292 56709 0767
7292 56709 0820
7292 56709 0884
7292 56709 0939
7292 56709 0976
7292 56709 0981
7293 56741 0030
7293 56741 0067
7293 56741 0081
7293 56741 0188
7293 56741 0206
7293 56741 0212
7293 56741 0246
7293 56741 0249
7293 56741 0264
7293 56741 0352
7293 56741 0384
7293 56741 0402
7293 56741 0406
7293 56741 0432
7293 56741 0441
7293 56741 0453
7293 56741 0459
7293 56741 0494
7293 56741 0566
7293 56741 0608
7293 56741 0685
7293 56741 0690
7293 56741 0715
7293 56741 0748
7293 56741 0757
7293 56741 0797
7293 56741 0857
7293 56741 0864
7293 56741 0970
7294 56739 0013
7294 56739 0053
7294 56739 0070
7294 56739 0072
7294 56739 0073
7294 56739 0081
7294 56739 0101
7294 56739 0110
7294 56739 0154
7294 56739 0179
7294 56739 0180
7294 56739 0182
7294 56739 0184
7294 56739 0186
7294 56739 0195
7294 56739 0202
7294 56739 0268
7294 56739 0317
7294 56739 0390
7294 56739 0426
7294 56739 0430
7294 56739 0517
7294 56739 0542
7294 56739 0550
7294 56739 0562
7294 56739 0598
7294 56739 0617
7294 56739 0620
7294 56739 0652
7294 56739 0658
7294 56739 0716
7294 56739 0756
7294 56739 0758
7294 56739 0760
7294 56739 0766
7294 56739 0802
7294 56739 0803
7294 56739 0804
7294 56739 0807
7294 56739 0820
7294 56739 0844
7294 56739 0845
7294 56739 0846
7294 56739 0870
7294 56739 0877
7294 56739 0888
7294 56739 0970
7294 56739 0976
7294 56739 0984
7294 56739 0996
7294 56739 0999
7298 56661 0072
7298 56661 0098
7298 56661 0136
7298 56661 0145
7298 56661 0260
7298 56661 0310
7298 56661 0485
7298 56661 0598
7298 56661 0644
7298 56661 0654
7298 56661 0676
7298 56661 0678
7298 56661 0682
7298 56661 0686
7298 56661 0713
7298 56661 0717
7298 56661 0754
7298 56661 0756
7298 56661 0758
7298 56661 0760
7298 56661 0771
7298 56661 0858
7298 56661 0920
7298 56661 0992
7299 56686 0264
7299 56686 0266
7299 56686 0340
7299 56686 0422
7299 56686 0436
7299 56686 0448
7299 56686 0486
7299 56686 0524
7299 56686 0531
7299 56686 0532
7299 56686 0584
7299 56686 0588
7299 56686 0596
7299 56686 0612
7299 56686 0615
7299 56686 0624
7299 56686 0658
7299 56686 0768
7299 56686 0787
7299 56686 0791
7299 56686 0798
7299 56686 0799
7299 56686 0800
7299 56686 0858
7300 56707 0017
7300 56707 0060
7300 56707 0150
7300 56707 0195
7300 56707 0197
7300 56707 0265
7300 56707 0272
7300 56707 0287
7300 56707 0288
7300 56707 0290
7300 56707 0308
7300 56707 0311
7300 56707 0312
7300 56707 0314
7300 56707 0320
7300 56707 0322
7300 56707 0358
7300 56707 0370
7300 56707 0399
7300 56707 0438
7300 56707 0510
7300 56707 0538
7300 56707 0545
7300 56707 0565
7300 56707 0590
7300 56707 0602
7300 56707 0608
7300 56707 0641
7300 56707 0673
7300 56707 0680
7300 56707 0698
7300 56707 0750
7300 56707 0805
7300 56707 0809
7300 56707 0829
7300 56707 0832
7300 56707 0979
7301 56746 0022
7301 56746 0028
7301 56746 0058
7301 56746 0084
7301 56746 0116
7301 56746 0134
7301 56746 0154
7301 56746 0171
7301 56746 0197
7301 56746 0202
7301 56746 0207
7301 56746 0210
7301 56746 0230
7301 56746 0245
7301 56746 0258
7301 56746 0302
7301 56746 0360
7301 56746 0367
7301 56746 0438
7301 56746 0444
7301 56746 0538
7301 56746 0551
7301 56746 0559
7301 56746 0577
7301 56746 0616
7301 56746 0646
7301 56746 0748
7301 56746 0778
7301 56746 0786
7301 56746 0810
7301 56746 0850
7301 56746 0889
7304 56745 0017
7304 56745 0027
7304 56745 0040
7304 56745 0043
7304 56745 0058
7304 56745 0079
7304 56745 0080
7304 56745 0095
7304 56745 0103
7304 56745 0106
7304 56745 0119
7304 56745 0140
7304 56745 0142
7304 56745 0182
7304 56745 0222
7304 56745 0224
7304 56745 0234
7304 56745 0244
7304 56745 0272
7304 56745 0292
7304 56745 0316
7304 56745 0322
7304 56745 0345
7304 56745 0360
7304 56745 0365
7304 56745 0377
7304 56745 0418
7304 56745 0425
7304 56745 0436
7304 56745 0438
7304 56745 0444
7304 56745 0445
7304 56745 0455
7304 56745 0458
7304 56745 0466
7304 56745 0480
7304 56745 0490
7304 56745 0494
7304 56745 0495
7304 56745 0558
7304 56745 0598
7304 56745 0609
7304 56745 0614
7304 56745 0618
7304 56745 0634
7304 56745 0646
7304 56745 0720
7304 56745 0725
7304 56745 0726
7304 56745 0739
7304 56745 0800
7304 56745 0894
7304 56745 0898
7304 56745 0903
7304 56745 0904
7304 56745 0948
7304 56745 0952
7304 56745 0957
7304 56745 0963
7304 56745 0984
7306 56684 0024
7306 56684 0065
7306 56684 0088
7306 56684 0110
7306 56684 0120
7306 56684 0129
7306 56684 0132
7306 56684 0157
7306 56684 0166
7306 56684 0192
7306 56684 0207
7306 56684 0288
7306 56684 0290
7306 56684 0296
7306 56684 0299
7306 56684 0350
7306 56684 0403
7306 56684 0404
7306 56684 0434
7306 56684 0456
7306 56684 0467
7306 56684 0469
7306 56684 0492
7306 56684 0548
7306 56684 0614
7306 56684 0618
7306 56684 0706
7306 56684 0716
7306 56684 0758
7306 56684 0782
7306 56684 0786
7306 56684 0795
7306 56684 0800
7306 56684 0820
7306 56684 0827
7306 56684 0962
7306 56684 0978
7307 56720 0026
7307 56720 0128
7307 56720 0180
7307 56720 0215
7307 56720 0234
7307 56720 0250
7307 56720 0251
7307 56720 0283
7307 56720 0320
7307 56720 0362
7307 56720 0403
7307 56720 0412
7307 56720 0482
7307 56720 0643
7307 56720 0922
7307 56720 0926
7307 56720 0974
7308 56709 0110
7308 56709 0130
7308 56709 0158
7308 56709 0186
7308 56709 0202
7308 56709 0204
7308 56709 0252
7308 56709 0304
7308 56709 0335
7308 56709 0358
7308 56709 0432
7308 56709 0472
7308 56709 0616
7308 56709 0621
7308 56709 0652
7308 56709 0656
7308 56709 0719
7308 56709 0743
7308 56709 0780
7308 56709 0863
7308 56709 0938
7308 56709 0940
7310 56693 0004
7310 56693 0006
7310 56693 0016
7310 56693 0020
7310 56693 0038
7310 56693 0047
7310 56693 0049
7310 56693 0050
7310 56693 0060
7310 56693 0073
7310 56693 0078
7310 56693 0098
7310 56693 0100
7310 56693 0128
7310 56693 0131
7310 56693 0134
7310 56693 0145
7310 56693 0162
7310 56693 0217
7310 56693 0278
7310 56693 0351
7310 56693 0430
7310 56693 0432
7310 56693 0438
7310 56693 0448
7310 56693 0530
7310 56693 0535
7310 56693 0598
7310 56693 0620
7310 56693 0660
7310 56693 0664
7310 56693 0680
7310 56693 0690
7310 56693 0728
7310 56693 0744
7310 56693 0838
7310 56693 0938
7310 56693 0957
7310 56693 0979
7310 56693 0980
7310 56693 0986
7310 56693 1000
7315 56685 0008
7315 56685 0078
7315 56685 0088
7315 56685 0194
7315 56685 0259
7315 56685 0328
7315 56685 0331
7315 56685 0338
7315 56685 0339
7315 56685 0359
7315 56685 0362
7315 56685 0366
7315 56685 0377
7315 56685 0384
7315 56685 0392
7315 56685 0440
7315 56685 0452
7315 56685 0498
7315 56685 0530
7315 56685 0539
7315 56685 0540
7315 56685 0574
7315 56685 0576
7315 56685 0579
7315 56685 0580
7315 56685 0614
7315 56685 0619
7315 56685 0647
7315 56685 0650
7315 56685 0651
7315 56685 0684
7315 56685 0711
7315 56685 0718
7315 56685 0784
7315 56685 0830
7315 56685 0836
7315 56685 0990
7316 56710 0234
7316 56710 0278
7316 56710 0324
7316 56710 0328
7316 56710 0335
7316 56710 0341
7316 56710 0368
7316 56710 0542
7316 56710 0575
7316 56710 0591
7316 56710 0593
7316 56710 0597
7316 56710 0637
7316 56710 0640
7316 56710 0675
7316 56710 0682
7316 56710 0722
7316 56710 0756
7316 56710 0887
7316 56710 0953
7316 56710 0954
7320 56722 0028
7320 56722 0081
7320 56722 0090
7320 56722 0092
7320 56722 0105
7320 56722 0157
7320 56722 0190
7320 56722 0217
7320 56722 0240
7320 56722 0278
7320 56722 0290
7320 56722 0308
7320 56722 0312
7320 56722 0572
7320 56722 0583
7320 56722 0608
7320 56722 0614
7320 56722 0634
7320 56722 0644
7320 56722 0646
7320 56722 0652
7320 56722 0676
7320 56722 0716
7320 56722 0724
7320 56722 0742
7320 56722 0750
7320 56722 0756
7320 56722 0766
7320 56722 0782
7320 56722 0783
7320 56722 0796
7320 56722 0800
7320 56722 0826
7320 56722 0848
7320 56722 0872
7320 56722 0936
7320 56722 0951
7320 56722 0961
7320 56722 0976
7325 56717 0031
7325 56717 0040
7325 56717 0086
7325 56717 0149
7325 56717 0226
7325 56717 0233
7325 56717 0240
7325 56717 0266
7325 56717 0286
7325 56717 0372
7325 56717 0374
7325 56717 0402
7325 56717 0418
7325 56717 0435
7325 56717 0467
7325 56717 0475
7325 56717 0479
7325 56717 0493
7325 56717 0497
7325 56717 0540
7325 56717 0580
7325 56717 0608
7325 56717 0624
7325 56717 0640
7325 56717 0656
7325 56717 0792
7325 56717 0796
7325 56717 0824
7325 56717 0842
7325 56717 0865
7325 56717 0874
7325 56717 0878
7326 56710 0026
7326 56710 0137
7326 56710 0184
7326 56710 0202
7326 56710 0231
7326 56710 0234
7326 56710 0260
7326 56710 0284
7326 56710 0325
7326 56710 0369
7326 56710 0519
7326 56710 0543
7326 56710 0579
7326 56710 0592
7326 56710 0616
7326 56710 0626
7326 56710 0628
7326 56710 0707
7326 56710 0722
7326 56710 0822
7326 56710 0844
7326 56710 0878
7326 56710 0888
7326 56710 0936
7326 56710 0942
7327 56715 0080
7327 56715 0088
7327 56715 0096
7327 56715 0103
7327 56715 0140
7327 56715 0149
7327 56715 0152
7327 56715 0182
7327 56715 0212
7327 56715 0216
7327 56715 0224
7327 56715 0235
7327 56715 0254
7327 56715 0268
7327 56715 0318
7327 56715 0370
7327 56715 0436
7327 56715 0598
7327 56715 0606
7327 56715 0660
7327 56715 0680
7327 56715 0734
7327 56715 0782
7327 56715 0802
7327 56715 0868
7327 56715 0888
7327 56715 0890
7327 56715 0905
7327 56715 0907
7327 56715 0922
7327 56715 0932
7327 56715 0998
7328 56715 0050
7328 56715 0092
7328 56715 0158
7328 56715 0279
7328 56715 0282
7328 56715 0366
7328 56715 0444
7328 56715 0540
7328 56715 0563
7328 56715 0614
7328 56715 0642
7328 56715 0712
7328 56715 0722
7328 56715 0772
7328 56715 0818
7328 56715 0962
7328 56715 0984
7329 56719 0070
7329 56719 0074
7329 56719 0078
7329 56719 0080
7329 56719 0118
7329 56719 0164
7329 56719 0235
7329 56719 0240
7329 56719 0322
7329 56719 0535
7329 56719 0536
7329 56719 0573
7329 56719 0637
7329 56719 0710
7329 56719 1000
7374 56751 0115
7374 56751 0173
7374 56751 0174
7374 56751 0197
7374 56751 0202
7374 56751 0228
7374 56751 0234
7374 56751 0238
7374 56751 0244
7374 56751 0284
7374 56751 0318
7374 56751 0326
7374 56751 0344
7374 56751 0350
7374 56751 0369
7374 56751 0386
7374 56751 0418
7374 56751 0460
7374 56751 0470
7374 56751 0496
7374 56751 0532
7374 56751 0660
7374 56751 0672
7374 56751 0694
7374 56751 0713
7374 56751 0784
7374 56751 0820
7374 56751 0838
7374 56751 0909
7374 56751 0936
7376 56749 0046
7376 56749 0054
7376 56749 0079
7376 56749 0091
7376 56749 0106
7376 56749 0140
7376 56749 0184
7376 56749 0206
7376 56749 0232
7376 56749 0244
7376 56749 0350
7376 56749 0356
7376 56749 0362
7376 56749 0394
7376 56749 0430
7376 56749 0458
7376 56749 0534
7376 56749 0546
7376 56749 0649
7376 56749 0676
7376 56749 0694
7376 56749 0737
7376 56749 0748
7376 56749 0809
7376 56749 0818
7376 56749 0830
7376 56749 0864
7376 56749 0899
7376 56749 0924
7376 56749 0936
7376 56749 0942
7376 56749 0958
7377 56741 0088
7377 56741 0104
7377 56741 0192
7377 56741 0216
7377 56741 0263
7377 56741 0292
7377 56741 0346
7377 56741 0347
7377 56741 0365
7377 56741 0384
7377 56741 0398
7377 56741 0410
7377 56741 0426
7377 56741 0463
7377 56741 0536
7377 56741 0570
7377 56741 0626
7377 56741 0631
7377 56741 0644
7377 56741 0652
7377 56741 0666
7377 56741 0680
7377 56741 0714
7377 56741 0722
7377 56741 0786
7377 56741 0840
7377 56741 0846
7377 56741 0866
7377 56741 0870
7377 56741 0936
7377 56741 0968
7377 56741 0996
7378 56715 0024
7378 56715 0104
7378 56715 0193
7378 56715 0342
7378 56715 0412
7378 56715 0424
7378 56715 0452
7378 56715 0544
7378 56715 0554
7378 56715 0558
7378 56715 0586
7378 56715 0626
7378 56715 0780
7378 56715 0796
7378 56715 0806
7378 56715 0856
7378 56715 0916
7378 56715 0938
7379 56713 0014
7379 56713 0071
7379 56713 0083
7379 56713 0098
7379 56713 0108
7379 56713 0167
7379 56713 0176
7379 56713 0192
7379 56713 0216
7379 56713 0219
7379 56713 0225
7379 56713 0288
7379 56713 0354
7379 56713 0404
7379 56713 0500
7379 56713 0686
7379 56713 0729
7379 56713 0733
7379 56713 0765
7379 56713 0769
7379 56713 0818
7379 56713 0884
7379 56713 0927
7379 56713 0972
7380 56753 0158
7380 56753 0160
7380 56753 0204
7380 56753 0212
7380 56753 0215
7380 56753 0240
7380 56753 0250
7380 56753 0262
7380 56753 0263
7380 56753 0270
7380 56753 0272
7380 56753 0274
7380 56753 0276
7380 56753 0277
7380 56753 0282
7380 56753 0285
7380 56753 0287
7380 56753 0292
7380 56753 0294
7380 56753 0297
7380 56753 0306
7380 56753 0310
7380 56753 0330
7380 56753 0340
7380 56753 0368
7380 56753 0498
7380 56753 0500
7380 56753 0552
7380 56753 0558
7380 56753 0573
7380 56753 0586
7380 56753 0596
7380 56753 0604
7380 56753 0614
7380 56753 0636
7380 56753 0638
7380 56753 0640
7380 56753 0680
7380 56753 0716
7380 56753 0724
7380 56753 0726
7380 56753 0730
7380 56753 0759
7380 56753 0762
7380 56753 0775
7380 56753 0797
7380 56753 0825
7380 56753 0827
7380 56753 0838
7380 56753 0877
7380 56753 0881
7380 56753 0888
7380 56753 0909
7380 56753 0920
7380 56753 0923
7380 56753 0949
7381 56717 0128
7381 56717 0140
7381 56717 0310
7381 56717 0336
7381 56717 0346
7381 56717 0348
7381 56717 0349
7381 56717 0360
7381 56717 0390
7381 56717 0428
7381 56717 0472
7381 56717 0476
7381 56717 0492
7381 56717 0635
7381 56717 0672
7381 56717 0680
7381 56717 0696
7381 56717 0885
7381 56717 0908
7381 56717 0922
7383 56749 0133
7383 56749 0154
7383 56749 0170
7383 56749 0172
7383 56749 0176
7383 56749 0232
7383 56749 0234
7383 56749 0247
7383 56749 0348
7383 56749 0358
7383 56749 0360
7383 56749 0375
7383 56749 0386
7383 56749 0388
7383 56749 0389
7383 56749 0391
7383 56749 0392
7383 56749 0398
7383 56749 0400
7383 56749 0414
7383 56749 0433
7383 56749 0538
7383 56749 0586

7383 56749 0606
7383 56749 0623
7383 56749 0625
7383 56749 0637
7383 56749 0662
7383 56749 0664
7383 56749 0736
7383 56749 0762
7383 56749 0772
7383 56749 0802
7383 56749 0815
7383 56749 0823
7383 56749 0830
7383 56749 0854
7383 56749 0903
7383 56749 0958
7384 56715 0406
7384 56715 0416
7384 56715 0428
7384 56715 0468
7384 56715 0490
7384 56715 0537
7384 56715 0562
7384 56715 0661
7384 56715 0683
7384 56715 0781
7384 56715 0850
7384 56715 0932
7385 56710 0018
7385 56710 0084
7385 56710 0094
7385 56710 0096
7385 56710 0098
7385 56710 0102
7385 56710 0130
7385 56710 0132
7385 56710 0146
7385 56710 0171
7385 56710 0208
7385 56710 0211
7385 56710 0224
7385 56710 0229
7385 56710 0268
7385 56710 0271
7385 56710 0273
7385 56710 0275
7385 56710 0277
7385 56710 0279
7385 56710 0336
7385 56710 0398
7385 56710 0534
7385 56710 0676
7385 56710 0722
7385 56710 0753
7385 56710 0758
7385 56710 0827
7385 56710 0858
7385 56710 0963
7385 56710 0967
7386 56769 0020
7386 56769 0039
7386 56769 0072
7386 56769 0073
7386 56769 0081
7386 56769 0258
7386 56769 0328
7386 56769 0334
7386 56769 0422
7386 56769 0623
7386 56769 0686
7386 56769 0784
7386 56769 0957
7386 56769 0969
7388 56783 0008
7388 56783 0027
7388 56783 0050
7388 56783 0086
7388 56783 0090
7388 56783 0156
7388 56783 0174
7388 56783 0242
7388 56783 0295
7388 56783 0296
7388 56783 0300
7388 56783 0310
7388 56783 0320
7388 56783 0326
7388 56783 0338
7388 56783 0340
7388 56783 0374
7388 56783 0390
7388 56783 0406
7388 56783 0410
7388 56783 0428
7388 56783 0440
7388 56783 0564
7388 56783 0580
7388 56783 0598
7388 56783 0838
7388 56783 0896
7388 56783 0914
7388 56783 0930
7388 56783 0932
7388 56783 0981
7388 56783 0982
7388 56783 0984
7388 56783 0995
7389 56769 0042
7389 56769 0067
7389 56769 0131
7389 56769 0145
7389 56769 0164
7389 56769 0172
7389 56769 0191
7389 56769 0209
7389 56769 0246
7389 56769 0267
7389 56769 0350
7389 56769 0366
7389 56769 0370
7389 56769 0374
7389 56769 0444
7389 56769 0450
7389 56769 0466
7389 56769 0718
7389 56769 0834
7389 56769 0846
7389 56769 0862
7389 56769 0900
7389 56769 0910
7389 56769 0921
7389 56769 0923
7389 56769 0926
7389 56769 0928
7389 56769 0930
7389 56769 0937
7389 56769 0985
7391 56781 0002
7391 56781 0003
7391 56781 0012
7391 56781 0015
7391 56781 0050
7391 56781 0081
7391 56781 0088
7391 56781 0106
7391 56781 0136
7391 56781 0144
7391 56781 0165
7391 56781 0180
7391 56781 0226
7391 56781 0229
7391 56781 0242
7391 56781 0243
7391 56781 0245
7391 56781 0249
7391 56781 0276
7391 56781 0286
7391 56781 0291
7391 56781 0295
7391 56781 0312
7391 56781 0313
7391 56781 0338
7391 56781 0352
7391 56781 0356
7391 56781 0370
7391 56781 0374
7391 56781 0388
7391 56781 0518
7391 56781 0638
7391 56781 0640
7391 56781 0658
7391 56781 0666
7391 56781 0770
7391 56781 0786
7391 56781 0802
7391 56781 0803
7391 56781 0847
7391 56781 0873
7391 56781 0913
7391 56781 0918
7393 56749 0006
7393 56749 0019
7393 56749 0023
7393 56749 0030
7393 56749 0036
7393 56749 0040
7393 56749 0048
7393 56749 0052
7393 56749 0057
7393 56749 0062
7393 56749 0082
7393 56749 0085
7393 56749 0088
7393 56749 0109
7393 56749 0140
7393 56749 0210
7393 56749 0244
7393 56749 0250
7393 56749 0256
7393 56749 0274
7393 56749 0318
7393 56749 0328
7393 56749 0380
7393 56749 0382
7393 56749 0408
7393 56749 0413
7393 56749 0436
7393 56749 0450
7393 56749 0454
7393 56749 0456
7393 56749 0514
7393 56749 0549
7393 56749 0561
7393 56749 0574
7393 56749 0588
7393 56749 0597
7393 56749 0608
7393 56749 0708
7393 56749 0805
7393 56749 0862
7393 56749 0863
7393 56749 0877
7393 56749 0898
7393 56749 0928
7393 56749 0934
7393 56749 0983
7393 56749 0996
7396 56809 0005
7396 56809 0047
7396 56809 0052
7396 56809 0077
7396 56809 0082
7396 56809 0085
7396 56809 0088
7396 56809 0142
7396 56809 0154
7396 56809 0182
7396 56809 0226
7396 56809 0265
7396 56809 0429
7396 56809 0455
7396 56809 0516
7396 56809 0517
7396 56809 0534
7396 56809 0539
7396 56809 0571
7396 56809 0663
7396 56809 0706
7396 56809 0715
7396 56809 0716
7396 56809 0748
7396 56809 0749
7396 56809 0752
7396 56809 0755
7396 56809 0756
7396 56809 0762
7396 56809 0774
7396 56809 0813
7396 56809 0821
7396 56809 0826
7396 56809 0868
7396 56809 0876
7396 56809 0883
7396 56809 0884
7396 56809 0888
7396 56809 0889
7396 56809 0914
7396 56809 0918
7396 56809 0928
7396 56809 0931
7396 56809 0932
7396 56809 0968
7396 56809 0974
7398 56781 0014
7398 56781 0037
7398 56781 0043
7398 56781 0082
7398 56781 0093
7398 56781 0132
7398 56781 0270
7398 56781 0281
7398 56781 0306
7398 56781 0334
7398 56781 0368
7398 56781 0390
7398 56781 0437
7398 56781 0449
7398 56781 0464
7398 56781 0482
7398 56781 0520
7398 56781 0546
7398 56781 0598
7398 56781 0664
7398 56781 0938
7398 56781 0958
7398 56781 0960
7398 56781 0964
7398 56781 0983
7398 56781 0990
7398 56781 0998
7401 56808 0002
7401 56808 0057
7401 56808 0061
7401 56808 0062
7401 56808 0064
7401 56808 0066
7401 56808 0172
7401 56808 0203
7401 56808 0251
7401 56808 0337
7401 56808 0340
7401 56808 0366
7401 56808 0367
7401 56808 0386
7401 56808 0425
7401 56808 0427
7401 56808 0472
7401 56808 0518
7401 56808 0555
7401 56808 0556
7401 56808 0564
7401 56808 0582
7401 56808 0592
7401 56808 0618
7401 56808 0662
7401 56808 0685
7401 56808 0698
7401 56808 0727
7401 56808 0802
7401 56808 0836
7401 56808 0923
7401 56808 0942
7402 56810 0022
7402 56810 0108
7402 56810 0128
7402 56810 0146
7402 56810 0178
7402 56810 0204
7402 56810 0252
7402 56810 0312
7402 56810 0314
7402 56810 0318
7402 56810 0506
7402 56810 0516
7402 56810 0524
7402 56810 0556
7402 56810 0582
7402 56810 0606
7402 56810 0608
7402 56810 0616
7402 56810 0636
7402 56810 0642
7402 56810 0648
7402 56810 0661
7402 56810 0691
7402 56810 0846
7402 56810 0848
7402 56810 0900
7402 56810 0909
7404 56776 0100
7404 56776 0132
7404 56776 0134
7404 56776 0140
7404 56776 0142
7404 56776 0146
7404 56776 0153
7404 56776 0255
7404 56776 0328
7404 56776 0350
7404 56776 0353
7404 56776 0364
7404 56776 0374
7404 56776 0406
7404 56776 0476
7404 56776 0564
7404 56776 0606
7404 56776 0628
7404 56776 0636
7404 56776 0652
7404 56776 0664
7404 56776 0670
7404 56776 0714
7404 56776 0746
7404 56776 0749
7404 56776 0776
7404 56776 0791
7404 56776 0968
7406 56805 0062
7406 56805 0098
7406 56805 0099
7406 56805 0148
7406 56805 0158
7406 56805 0171
7406 56805 0302
7406 56805 0534
7406 56805 0555
7406 56805 0569
7406 56805 0581
7406 56805 0584
7406 56805 0590
7406 56805 0611
7406 56805 0614
7406 56805 0632
7406 56805 0641
7406 56805 0648
7406 56805 0673
7406 56805 0676
7406 56805 0699
7406 56805 0704
7406 56805 0710
7406 56805 0720
7406 56805 0721
7406 56805 0768
7406 56805 0782
7406 56805 0783
7406 56805 0789
7406 56805 0798
7406 56805 0858
7406 56805 0864
7406 56805 0883
7406 56805 0885
7406 56805 0903
7406 56805 0905
7406 56805 0909
7406 56805 0917
7406 56805 0921
7406 56805 0936
7406 56805 0961
7406 56805 0989
7407 56772 0006
7407 56772 0017
7407 56772 0030
7407 56772 0138
7407 56772 0140
7407 56772 0150
7407 56772 0238
7407 56772 0276
7407 56772 0287
7407 56772 0431
7407 56772 0467
7407 56772 0490
7407 56772 0495
7407 56772 0500
7407 56772 0516
7407 56772 0526
7407 56772 0548
7407 56772 0552
7407 56772 0573
7407 56772 0630
7407 56772 0641
7407 56772 0642
7407 56772 0653
7407 56772 0692
7407 56772 0694
7407 56772 0756
7407 56772 0804
7407 56772 0848
7407 56772 0871
7407 56772 0926
7408 56780 0025
7408 56780 0034
7408 56780 0036
7408 56780 0038
7408 56780 0076
7408 56780 0079
7408 56780 0104
7408 56780 0105
7408 56780 0120
7408 56780 0234
7408 56780 0258
7408 56780 0261
7408 56780 0280
7408 56780 0321
7408 56780 0361
7408 56780 0364
7408 56780 0456
7408 56780 0596
7408 56780 0597
7408 56780 0612
7408 56780 0728
7408 56780 0740
7408 56780 0775
7408 56780 0777
7408 56780 0780
7408 56780 0785
7408 56780 0812
7408 56780 0828
7408 56780 0829
7408 56780 0845
7408 56780 0879
7408 56780 0882
7408 56780 0894
7408 56780 0940
7408 56780 0962
7408 56780 0988
7409 56809 0010
7409 56809 0060
7409 56809 0070
7409 56809 0079
7409 56809 0131
7409 56809 0167
7409 56809 0178
7409 56809 0188
7409 56809 0190
7409 56809 0193
7409 56809 0212
7409 56809 0258
7409 56809 0312
7409 56809 0426
7409 56809 0522
7409 56809 0582
7409 56809 0614
7409 56809 0632
7409 56809 0647
7409 56809 0680
7409 56809 0708
7409 56809 0709
7409 56809 0746
7409 56809 0796
7409 56809 0818
7409 56809 0842
7409 56809 0903
7409 56809 0904
7409 56809 0905
7409 56809 0944
7409 56809 0948
7409 56809 0976
7409 56809 0998
7411 56776 0044
7411 56776 0096
7411 56776 0171
7411 56776 0190
7411 56776 0222
7411 56776 0223
7411 56776 0228
7411 56776 0239
7411 56776 0240
7411 56776 0399
7411 56776 0426
7411 56776 0462
7411 56776 0472
7411 56776 0562
7411 56776 0565
7411 56776 0572
7411 56776 0574
7411 56776 0582
7411 56776 0588
7411 56776 0592
7411 56776 0648
7411 56776 0658
7411 56776 0709
7411 56776 0726
7411 56776 0760
7411 56776 0786
7411 56776 0824
7411 56776 0842
7411 56776 0847
7411 56776 0860
7411 56776 0894
7411 56776 0910
7411 56776 0947
7411 56776 0992
7413 56769 0035
7413 56769 0044
7413 56769 0089
7413 56769 0131
7413 56769 0134
7413 56769 0137
7413 56769 0142
7413 56769 0232
7413 56769 0276
7413 56769 0294
7413 56769 0345
7413 56769 0348
7413 56769 0360
7413 56769 0366
7413 56769 0368
7413 56769 0408
7413 56769 0411
7413 56769 0446
7413 56769 0448
7413 56769 0449
7413 56769 0450
7413 56769 0451
7413 56769 0455
7413 56769 0457
7413 56769 0463
7413 56769 0474
7413 56769 0475
7413 56769 0512
7413 56769 0522
7413 56769 0524
7413 56769 0544
7413 56769 0555
7413 56769 0620
7413 56769 0625
7413 56769 0638
7413 56769 0642
7413 56769 0649
7413 56769 0656
7413 56769 0658
7413 56769 0677
7413 56769 0691
7413 56769 0694
7413 56769 0695
7413 56769 0696
7413 56769 0697
7413 56769 0698
7413 56769 0734
7413 56769 0752
7413 56769 0806
7413 56769 0840
7413 56769 0868
7413 56769 0890
7413 56769 0928
7413 56769 0929
7414 56748 0004
7414 56748 0018
7414 56748 0026
7414 56748 0037
7414 56748 0070
7414 56748 0114
7414 56748 0227
7414 56748 0246
7414 56748 0258
7414 56748 0270
7414 56748 0284
7414 56748 0320
7414 56748 0326
7414 56748 0329
7414 56748 0338
7414 56748 0360
7414 56748 0381
7414 56748 0386
7414 56748 0406
7414 56748 0552
7414 56748 0560
7414 56748 0614
7414 56748 0620
7414 56748 0647
7414 56748 0658
7414 56748 0714
7414 56748 0721
7414 56748 0734
7414 56748 0764
7414 56748 0774
7414 56748 0904
7414 56748 0946
7416 56810 0002
7416 56810 0010
7416 56810 0012
7416 56810 0013
7416 56810 0029
7416 56810 0033
7416 56810 0037
7416 56810 0069
7416 56810 0072
7416 56810 0076
7416 56810 0082
7416 56810 0086
7416 56810 0087
7416 56810 0090
7416 56810 0096
7416 56810 0099
7416 56810 0101
7416 56810 0104
7416 56810 0105
7416 56810 0121
7416 56810 0122
7416 56810 0131
7416 56810 0144
7416 56810 0160
7416 56810 0208
7416 56810 0220
7416 56810 0242
7416 56810 0268
7416 56810 0339
7416 56810 0352
7416 56810 0388
7416 56810 0393
7416 56810 0480
7416 56810 0576
7416 56810 0602
7416 56810 0609
7416 56810 0638
7416 56810 0643
7416 56810 0674
7416 56810 0711
7416 56810 0752
7416 56810 0792
7416 56810 0826
7416 56810 0917
7416 56810 0918
7416 56810 0944
7416 56810 0970
7416 56810 0984
7417 56753 0090
7417 56753 0184
7417 56753 0188
7417 56753 0192
7417 56753 0249
7417 56753 0266
7417 56753 0275
7417 56753 0354
7417 56753 0370
7417 56753 0381
7417 56753 0386
7417 56753 0404
7417 56753 0438
7417 56753 0442
7417 56753 0468
7417 56753 0532
7417 56753 0562
7417 56753 0652
7417 56753 0725
7417 56753 0728
7417 56753 0786
7417 56753 0844
7417 56753 0872
7417 56753 0874
7417 56753 0876
7417 56753 0878
7417 56753 0902
7417 56753 0914
7417 56753 0928
7417 56753 0934
7419 56811 0018
7419 56811 0040
7419 56811 0195
7419 56811 0197
7419 56811 0208
7419 56811 0223
7419 56811 0244
7419 56811 0276
7419 56811 0324
7419 56811 0528
7419 56811 0597
7419 56811 0599
7419 56811 0601
7419 56811 0674
7419 56811 0733
7419 56811 0738
7419 56811 0746
7419 56811 0756
7419 56811 0764
7419 56811 0766
7419 56811 0812
7419 56811 0830
7419 56811 0948
7419 56811 0952
7420 56753 0084
7420 56753 0087
7420 56753 0097
7420 56753 0209
7420 56753 0225
7420 56753 0238
7420 56753 0278
7420 56753 0297
7420 56753 0346
7420 56753 0358
7420 56753 0366
7420 56753 0372
7420 56753 0385
7420 56753 0386
7420 56753 0391
7420 56753 0399
7420 56753 0423
7420 56753 0430
7420 56753 0485
7420 56753 0492
7420 56753 0500
7420 56753 0540
7420 56753 0550
7420 56753 0588
7420 56753 0590
7420 56753 0596
7420 56753 0602
7420 56753 0612
7420 56753 0614
7420 56753 0618
7420 56753 0671
7420 56753 0734
7420 56753 0756
7420 56753 0801
7420 56753 0906
7420 56753 0913
7422 56799 0014
7422 56799 0021
7422 56799 0024
7422 56799 0064
7422 56799 0108
7422 56799 0121
7422 56799 0136
7422 56799 0155
7422 56799 0166
7422 56799 0169
7422 56799 0171
7422 56799 0175
7422 56799 0184
7422 56799 0194
7422 56799 0198
7422 56799 0222
7422 56799 0223
7422 56799 0266
7422 56799 0302
7422 56799 0318
7422 56799 0320
7422 56799 0322
7422 56799 0342
7422 56799 0344
7422 56799 0345
7422 56799 0355
7422 56799 0426
7422 56799 0477
7422 56799 0523
7422 56799 0525
7422 56799 0608
7422 56799 0616
7422 56799 0626
7422 56799 0647
7422 56799 0662
7422 56799 0670
7422 56799 0691
7422 56799 0728
7422 56799 0780
7422 56799 0867
7425 56777 0006
7425 56777 0065
7425 56777 0088
7425 56777 0117
7425 56777 0140
7425 56777 0220
7425 56777 0253
7425 56777 0271
7425 56777 0342
7425 56777 0454
7425 56777 0488
7425 56777 0675
7425 56777 0680
7425 56777 0718
7425 56777 0750
7425 56777 0870
7425 56777 0880
7425 56777 0884
7425 56777 0922
7425 56777 0946
7425 56777 0958
7425 56777 0969
7426 56771 0022
7426 56771 0063
7426 56771 0074
7426 56771 0080
7426 56771 0122
7426 56771 0134
7426 56771 0147
7426 56771 0152
7426 56771 0182
7426 56771 0216
7426 56771 0221
7426 56771 0222
7426 56771 0223
7426 56771 0224
7426 56771 0226
7426 56771 0230
7426 56771 0242
7426 56771 0271
7426 56771 0274
7426 56771 0410
7426 56771 0433
7426 56771 0504
7426 56771 0514
7426 56771 0516
7426 56771 0546
7426 56771 0554
7426 56771 0564
7426 56771 0582
7426 56771 0598
7426 56771 0660
7426 56771 0719
7426 56771 0728
7426 56771 0791
7426 56771 0800
7426 56771 0826
7426 56771 0832
7426 56771 0839
7426 56771 0894
7426 56771 0896
7426 56771 0898
7426 56771 0923
7426 56771 0928
7426 56771 0932
7426 56771 0945
7426 56771 0983
7426 56771 0999
7427 56751 0044
7427 56751 0045
7427 56751 0070
7427 56751 0096
7427 56751 0098
7427 56751 0493
7427 56751 0523
7427 56751 0622
7427 56751 0625
7427 56751 0632
7427 56751 0636
7427 56751 0662
7427 56751 0666
7427 56751 0667
7427 56751 0670
7427 56751 0682
7427 56751 0746
7427 56751 0748
7427 56751 0784
7427 56751 0786
7427 56751 0943
7427 56751 0947
7427 56751 0999
7428 56781 0002
7428 56781 0050
7428 56781 0055
7428 56781 0058
7428 56781 0060
7428 56781 0078
7428 56781 0096
7428 56781 0104
7428 56781 0113
7428 56781 0146
7428 56781 0170
7428 56781 0195
7428 56781 0209
7428 56781 0215
7428 56781 0219
7428 56781 0220
7428 56781 0222
7428 56781 0225
7428 56781 0247
7428 56781 0248
7428 56781 0264
7428 56781 0294
7428 56781 0334
7428 56781 0384
7428 56781 0423
7428 56781 0430
7428 56781 0448
7428 56781 0464
7428 56781 0603
7428 56781 0607
7428 56781 0618
7428 56781 0648
7428 56781 0653
7428 56781 0692
7428 56781 0714
7428 56781 0810
7428 56781 0820
7428 56781 0838
7428 56781 0859
7428 56781 0860
7428 56781 0872
7428 56781 0912
7428 56781 0969
7428 56781 0973
7429 56740 0016
7429 56740 0104
7429 56740 0109
7429 56740 0212
7429 56740 0220
7429 56740 0230
7429 56740 0346
7429 56740 0352
7429 56740 0389
7429 56740 0549
7429 56740 0576
7429 56740 0578
7429 56740 0632
7429 56740 0696
7429 56740 0766
7429 56740 0769
7429 56740 0782
7429 56740 0793
7429 56740 0810
7429 56740 0824
7429 56740 0854
7429 56740 0895
7429 56740 0919
7512 56777 0029
7512 56777 0030
7512 56777 0046
7512 56777 0079
7512 56777 0083
7512 56777 0108
7512 56777 0109
7512 56777 0112
7512 56777 0113
7512 56777 0150
7512 56777 0155
7512 56777 0156
7512 56777 0159
7512 56777 0184
7512 56777 0191
7512 56777 0196

7512 56777 0199
7512 56777 0200
7512 56777 0231
7512 56777 0234
7512 56777 0236
7512 56777 0238
7512 56777 0240
7512 56777 0246
7512 56777 0260
7512 56777 0263
7512 56777 0272
7512 56777 0273
7512 56777 0274
7512 56777 0276
7512 56777 0312
7512 56777 0313
7512 56777 0318
7512 56777 0331
7512 56777 0332
7512 56777 0336
7512 56777 0343
7512 56777 0362
7512 56777 0377
7512 56777 0384
7512 56777 0388
7512 56777 0398
7512 56777 0416
7512 56777 0432
7512 56777 0438
7512 56777 0446
7512 56777 0459
7512 56777 0570
7512 56777 0571
7512 56777 0584
7512 56777 0592
7512 56777 0596
7512 56777 0602
7512 56777 0604
7512 56777 0606
7512 56777 0616
7512 56777 0619
7512 56777 0624
7512 56777 0636
7512 56777 0640
7512 56777 0645
7512 56777 0646
7512 56777 0653
7512 56777 0668
7512 56777 0671
7512 56777 0674
7512 56777 0681
7512 56777 0682
7512 56777 0683
7512 56777 0684
7512 56777 0685
7512 56777 0686
7512 56777 0687
7512 56777 0688
7512 56777 0689
7512 56777 0690
7512 56777 0693
7512 56777 0702
7512 56777 0704
7512 56777 0707
7512 56777 0708
7512 56777 0718
7512 56777 0720
7512 56777 0721
7512 56777 0723
7512 56777 0724
7512 56777 0725
7512 56777 0726
7512 56777 0728
7512 56777 0732
7512 56777 0741
7512 56777 0744
7512 56777 0746
7512 56777 0748
7512 56777 0751
7512 56777 0753
7512 56777 0755
7512 56777 0756
7512 56777 0764
7512 56777 0765
7512 56777 0766
7512 56777 0772
7512 56777 0784
7512 56777 0785
7512 56777 0788
7512 56777 0789
7512 56777 0790
7512 56777 0794
7512 56777 0796
7512 56777 0799
7512 56777 0800
7512 56777 0803
7512 56777 0805
7512 56777 0824
7512 56777 0836
7512 56777 0838
7512 56777 0839
7512 56777 0841
7512 56777 0850
7512 56777 0852
7512 56777 0855
7512 56777 0858
7512 56777 0859
7512 56777 0868
7512 56777 0870
7512 56777 0872
7512 56777 0878
7512 56777 0879
7512 56777 0883
7512 56777 0884
7512 56777 0888
7512 56777 0906
7512 56777 0910
7512 56777 0916
7512 56777 0923
7512 56777 0927
7512 56777 0928
7512 56777 0931
7512 56777 0932
7512 56777 0935
7512 56777 0961
7512 56777 0962
7512 56777 0964
7512 56777 0977
7512 56777 0978
7512 56777 0998
7513 56780 0010
7513 56780 0020
7513 56780 0092
7513 56780 0103
7513 56780 0139
7513 56780 0146
7513 56780 0152
7513 56780 0184
7513 56780 0209
7513 56780 0210
7513 56780 0214
7513 56780 0220
7513 56780 0226
7513 56780 0227
7513 56780 0240
7513 56780 0288
7513 56780 0320
7513 56780 0474
7513 56780 0501
7513 56780 0504
7513 56780 0517
7513 56780 0519
7513 56780 0524
7513 56780 0542
7513 56780 0552
7513 56780 0558
7513 56780 0562
7513 56780 0566
7513 56780 0567
7513 56780 0570
7513 56780 0588
7513 56780 0592
7513 56780 0600
7513 56780 0626
7513 56780 0660
7513 56780 0740
7513 56780 0786
7513 56780 0794
7513 56780 0860
7513 56780 0928
7513 56780 0976
7515 56781 0016
7515 56781 0018
7515 56781 0042
7515 56781 0048
7515 56781 0103
7515 56781 0118
7515 56781 0130
7515 56781 0136
7515 56781 0137
7515 56781 0139
7515 56781 0142
7515 56781 0148
7515 56781 0174
7515 56781 0179
7515 56781 0234
7515 56781 0242
7515 56781 0332
7515 56781 0502
7515 56781 0504
7515 56781 0513
7515 56781 0608
7515 56781 0634
7515 56781 0678
7515 56781 0680
7515 56781 0702
7515 56781 0742
7515 56781 0793
7515 56781 0822
7515 56781 0837
7515 56781 0850
7515 56781 0862
7515 56781 0916
7515 56781 0924
7515 56781 0927
7515 56781 0929
7515 56781 0942
7515 56781 0994
7515 56781 1000
7516 56782 0002
7516 56782 0005
7516 56782 0006
7516 56782 0028
7516 56782 0034
7516 56782 0036
7516 56782 0070
7516 56782 0078
7516 56782 0092
7516 56782 0093
7516 56782 0095
7516 56782 0112
7516 56782 0146
7516 56782 0147
7516 56782 0158
7516 56782 0196
7516 56782 0212
7516 56782 0224
7516 56782 0228
7516 56782 0249
7516 56782 0268
7516 56782 0271
7516 56782 0296
7516 56782 0307
7516 56782 0331
7516 56782 0342
7516 56782 0343
7516 56782 0359
7516 56782 0366
7516 56782 0396
7516 56782 0397
7516 56782 0399
7516 56782 0400
7516 56782 0406
7516 56782 0434
7516 56782 0456
7516 56782 0478
7516 56782 0487
7516 56782 0530
7516 56782 0606
7516 56782 0634
7516 56782 0638
7516 56782 0641
7516 56782 0644
7516 56782 0646
7516 56782 0650
7516 56782 0654
7516 56782 0657
7516 56782 0680
7516 56782 0682
7516 56782 0691
7516 56782 0710
7516 56782 0746
7516 56782 0812
7516 56782 0826
7516 56782 0846
7516 56782 0901
7516 56782 0965
7516 56782 0970
7516 56782 0973
7516 56782 0979
7517 56772 0022
7517 56772 0035
7517 56772 0078
7517 56772 0103
7517 56772 0107
7517 56772 0120
7517 56772 0127
7517 56772 0141
7517 56772 0169
7517 56772 0180
7517 56772 0193
7517 56772 0226
7517 56772 0252
7517 56772 0262
7517 56772 0303
7517 56772 0321
7517 56772 0326
7517 56772 0342
7517 56772 0348
7517 56772 0360
7517 56772 0399
7517 56772 0428
7517 56772 0440
7517 56772 0444
7517 56772 0476
7517 56772 0490
7517 56772 0496
7517 56772 0523
7517 56772 0538
7517 56772 0614
7517 56772 0646
7517 56772 0651
7517 56772 0652
7517 56772 0658
7517 56772 0710
7517 56772 0712
7517 56772 0716
7517 56772 0744
7517 56772 0778
7517 56772 0858
7517 56772 0880
7517 56772 0883
7517 56772 0884
7517 56772 0900
7517 56772 0942
7517 56772 0988
7517 56772 1000
